Trajectory log: labeled observation + action every 5 steps
model_path=model/grasping_sac/sac_model.zip

step=000
action=[ 0.985, -0.99 ,  0.822,  0.98 , -0.521,  0.101, -0.221]
obs:
  ee_pos=[ 0.057, -0.01 ,  1.133]
  goal_pos_f32=[0.337, 0.395, 0.03 ]
  relative_vector=[ 0.28 ,  0.405, -1.103]
  ee_linear_vel=[0., 0., 0.]
  ee_quat=[ 1.000e+00, -4.104e-05,  1.720e-04, -7.696e-05]
  joint_angles=[-5.593e-05, -6.179e-05, -1.513e-04,  1.814e-04, -3.404e-04, -3.068e-04]
  gripper_state=[-0.996]
obs_norm:
[-0.924, -0.706,  1.865, -0.539,  1.629,  5.474,  0.844,  0.986, -1.865,
  0.324, -0.145,  0.276,  1.106, -0.332, -1.079, -0.571, -0.688,  0.714,
 -1.114, -0.572,  0.039, -0.339, -2.754]

step=005
action=[ 0.997, -0.813,  0.997,  0.999, -0.12 ,  0.957,  0.975]
obs:
  ee_pos=[0.335, 0.083, 1.055]
  goal_pos_f32=[0.337, 0.395, 0.03 ]
  relative_vector=[ 0.002,  0.312, -1.025]
  ee_linear_vel=[ 0.039,  0.031, -0.022]
  ee_quat=[ 0.935,  0.206, -0.018,  0.29 ]
  joint_angles=[ 0.244, -0.175,  0.239,  0.246,  0.012,  0.113]
  gripper_state=[0.648]
obs_norm:
[ 0.398, -0.102,  1.623, -0.539,  1.629,  5.474, -0.467,  0.397, -1.623,
  0.417, -0.07 ,  0.225,  0.91 ,  0.333, -1.13 ,  0.418, -0.154,  0.356,
 -0.838, -0.191,  0.055, -0.18 ,  2.134]

step=010
action=[0.988, 0.165, 0.982, 1.   , 0.801, 1.   , 0.996]
obs:
  ee_pos=[0.513, 0.251, 0.882]
  goal_pos_f32=[0.337, 0.395, 0.03 ]
  relative_vector=[-0.176,  0.144, -0.852]
  ee_linear_vel=[ 0.012,  0.031, -0.03 ]
  ee_quat=[ 0.726,  0.399, -0.119,  0.547]
  joint_angles=[ 0.49 , -0.312,  0.489,  0.493,  0.115,  0.351]
  gripper_state=[0.99]
obs_norm:
[ 1.242,  0.991,  1.09 , -0.539,  1.629,  5.474, -1.304, -0.671, -1.09 ,
  0.353, -0.071,  0.205,  0.287,  0.958, -1.415,  1.297,  0.384,  0.075,
 -0.55 ,  0.19 ,  0.191,  0.157,  3.15 ]

