Obs step 0: [0.056717388331890106, -0.010000218637287617, 1.0032764673233032, 0.3370000123977661, 0.39500001072883606, 0.029999999329447746, 0.2802826166152954, 0.405000239610672, -0.9732764959335327, 0.5458769798278809, -0.01007024571299553, -0.00965255405753851, 0.837749183177948, -6.072007090551779e-05, 0.00020240024605300277, -0.00026525085559114814, -0.00037710359902121127, -0.00010759170982055366, -0.0004069310089107603, 0.9952682256698608]
Obs step 1: [0.08748948574066162, -0.006222458556294441, 0.9998704195022583, 0.3370000123977661, 0.39500001072883606, 0.029999999329447746, 0.2495105266571045, 0.40122246742248535, -0.9698704481124878, 0.007692741230130196, 0.8412275314331055, -0.29419535398483276, -0.4535703957080841, 0.048102281987667084, -0.025584455579519272, 0.02225337363779545, -0.049845851957798004, -0.010304835624992847, -0.04974944517016411, -0.6050176620483398]
Obs step 2: [0.06496865302324295, -0.02268037758767605, 1.0020800828933716, 0.3370000123977661, 0.39500001072883606, 0.029999999329447746, 0.27203136682510376, 0.41768038272857666, -0.9720801115036011, -0.3785560131072998, -0.42372873425483704, 0.6398022770881653, -0.5174962282180786, 0.0013411679537966847, -0.00242081331089139, 0.01434964407235384, -0.0730222761631012, 0.03672206029295921, -0.06585784256458282, 0.8426198959350586]
Obs step 3: [0.05518603324890137, -0.01503242552280426, 1.0039681196212769, 0.3370000123977661, 0.39500001072883606, 0.029999999329447746, 0.28181397914886475, 0.4100324511528015, -0.9739681482315063, -0.5102908611297607, -0.4341752231121063, 0.5033376812934875, -0.5456613302230835, 0.04096527770161629, -0.018683141097426414, -0.03428340330719948, -0.034932151436805725, 0.022518625482916832, -0.11181974411010742, -0.992080569267273]
Obs step 4: [0.07131832093000412, -0.0034196211490780115, 1.0029590129852295, 0.3370000123977661, 0.39500001072883606, 0.029999999329447746, 0.2656816840171814, 0.3984196186065674, -0.972959041595459, 0.7171974778175354, -0.015737615525722504, 0.050947465002536774, -0.6948269009590149, 0.08476868271827698, -0.051777709275484085, -0.05326268821954727, 0.005111671518534422, -0.0011281149927526712, -0.15232162177562714, -0.9855259656906128]
Obs step 5: [0.10634206235408783, -0.004480842500925064, 0.9979974627494812, 0.3370000123977661, 0.39500001072883606, 0.029999999329447746, 0.23065795004367828, 0.3994808495044708, -0.9679974913597107, 0.10527989268302917, -0.2739861011505127, -0.30049774050712585, -0.90749591588974, 0.13297802209854126, -0.06525703519582748, -0.0044011399149894714, 0.048469532281160355, 0.048162467777729034, -0.10381854325532913, -0.9195057153701782]
Obs step 6: [0.11698510497808456, -0.008366221562027931, 0.9953449964523315, 0.3370000123977661, 0.39500001072883606, 0.029999999329447746, 0.22001489996910095, 0.40336623787879944, -0.965345025062561, 0.46568766236305237, 0.4397493898868561, 0.5072317719459534, -0.5766032934188843, 0.1528071165084839, -0.05778580158948898, 0.025802569463849068, 0.07565215229988098, 0.087092824280262, -0.083748959004879, -0.8658575415611267]
Obs step 7: [0.1292887181043625, -0.013833006843924522, 0.9934358596801758, 0.3370000123977661, 0.39500001072883606, 0.029999999329447746, 0.20771129429340363, 0.40883302688598633, -0.9634358882904053, 0.4718239903450012, -0.6017244458198547, -0.218233123421669, -0.6063696146011353, 0.20144230127334595, -0.09439947456121445, -0.011177819222211838, 0.03261253610253334, 0.13357244431972504, -0.057373013347387314, 0.9457472562789917]
Obs step 8: [0.18658126890659332, 0.011880461126565933, 0.9806041717529297, 0.3370000123977661, 0.39500001072883606, 0.029999999329447746, 0.1504187434911728, 0.3831195533275604, -0.9506042003631592, -0.7173599004745483, 0.4226675033569336, -0.5421285033226013, -0.11332974582910538, 0.21530751883983612, -0.14368179440498352, 0.039027560502290726, 0.08162961155176163, 0.0979452058672905, -0.10670433938503265, -0.9956194162368774]
Obs step 9: [0.14140965044498444, -0.012784795835614204, 0.9908744692802429, 0.3370000123977661, 0.39500001072883606, 0.029999999329447746, 0.19559036195278168, 0.4077848196029663, -0.9608744978904724, 0.45912471413612366, -0.5905466079711914, -0.5365400910377502, -0.3906199038028717, 0.18816617131233215, -0.10598529130220413, -0.006705839652568102, 0.09081379324197769, 0.1463814526796341, -0.11410526931285858, -0.47057992219924927]
Obs step 10: [0.19823315739631653, 0.013624260202050209, 0.9770151376724243, 0.3370000123977661, 0.39500001072883606, 0.029999999329447746, 0.13876685500144958, 0.3813757598400116, -0.9470151662826538, -0.9264283776283264, 0.02093343436717987, -0.008203171193599701, 0.37579914927482605, 0.21954300999641418, -0.155021533370018, 0.04295625537633896, 0.13805533945560455, 0.11758974939584732, -0.16349253058433533, -0.987899899482727]
Obs step 11: [0.2275901883840561, 0.033779531717300415, 0.9680562615394592, 0.3370000123977661, 0.39500001072883606, 0.029999999329447746, 0.10940982401371002, 0.36122047901153564, -0.9380562901496887, -0.456534206867218, -0.6366803646087646, -0.5011258125305176, 0.3675425946712494, 0.24521908164024353, -0.19945478439331055, 0.042992740869522095, 0.18402816355228424, 0.09946160763502121, -0.20555874705314636, -0.6160086393356323]
Obs step 12: [0.2764098346233368, 0.06746836751699448, 0.9471088647842407, 0.3370000123977661, 0.39500001072883606, 0.029999999329447746, 0.06059017777442932, 0.327531635761261, -0.9171088933944702, 0.49710899591445923, -0.5171412229537964, -0.5653942227363586, 0.40715718269348145, 0.2711164653301239, -0.24813418090343475, 0.09341969341039658, 0.229512557387352, 0.05242352560162544, -0.2169400304555893, -0.9940848350524902]
Obs step 13: [0.3285332918167114, 0.05778618901968002, 0.9226114749908447, 0.3370000123977661, 0.39500001072883606, 0.029999999329447746, 0.008466720581054688, 0.33721381425857544, -0.8926115036010742, -0.5217157006263733, 0.3862789273262024, -0.7452186942100525, -0.1524808704853058, 0.2228218913078308, -0.28654441237449646, 0.14400483667850494, 0.19943001866340637, 0.0761813223361969, -0.18413521349430084, -0.9948590993881226]
Obs step 14: [0.29093965888023376, 0.02698526345193386, 0.942858099937439, 0.3370000123977661, 0.39500001072883606, 0.029999999329447746, 0.04606035351753235, 0.36801475286483765, -0.9128581285476685, 0.42113929986953735, 0.6382583975791931, -0.641480028629303, -0.06141076236963272, 0.1955127716064453, -0.2516271770000458, 0.09797423332929611, 0.15456320345401764, 0.12445458024740219, -0.14640727639198303, -0.09103429317474365]
Obs step 15: [0.2769392132759094, -0.003231753595173359, 0.946209192276001, 0.3370000123977661, 0.39500001072883606, 0.029999999329447746, 0.06006079912185669, 0.39823177456855774, -0.9162092208862305, -0.6164419651031494, -0.19618014991283417, 0.5566749572753906, -0.5211771130561829, 0.14593030512332916, -0.20352302491664886, 0.13789261877536774, 0.10542789101600647, 0.16964708268642426, -0.1418207883834839, 0.9042967557907104]
Obs step 16: [0.2825157046318054, 0.004907980561256409, 0.9432798624038696, 0.3370000123977661, 0.39500001072883606, 0.029999999329447746, 0.05448430776596069, 0.39009201526641846, -0.9132798910140991, 0.14300048351287842, -0.01515683252364397, -0.020436642691493034, -0.9893954992294312, 0.18513309955596924, -0.2099662870168686, 0.13651736080646515, 0.13157133758068085, 0.1929127275943756, -0.1719517856836319, -0.983272910118103]
Obs step 17: [0.3170699179172516, 0.01366015151143074, 0.9236887693405151, 0.3370000123977661, 0.39500001072883606, 0.029999999329447746, 0.019930094480514526, 0.3813398480415344, -0.8936887979507446, -0.36851540207862854, 0.007074720226228237, -0.5008573532104492, -0.7831272482872009, 0.2310180366039276, -0.22909043729305267, 0.18491418659687042, 0.1168869361281395, 0.24208134412765503, -0.1301252394914627, -0.8825753331184387]
Obs step 18: [0.32670068740844727, 0.016888953745365143, 0.9159889221191406, 0.3370000123977661, 0.39500001072883606, 0.029999999329447746, 0.010299324989318848, 0.3781110644340515, -0.8859889507293701, 0.7765141129493713, -0.2576696574687958, -0.5068522691726685, 0.2715381383895874, 0.275478720664978, -0.23360928893089294, 0.20017410814762115, 0.08222882449626923, 0.29144224524497986, -0.08108952641487122, -0.9376511573791504]
Obs step 19: [0.3266311287879944, -0.0035006459802389145, 0.910261869430542, 0.3370000123977661, 0.39500001072883606, 0.029999999329447746, 0.010368883609771729, 0.3985006511211395, -0.8802618980407715, -0.7487096190452576, -0.5883530378341675, 0.06883594393730164, -0.29755038022994995, 0.2539699673652649, -0.20219410955905914, 0.2507787048816681, 0.052623264491558075, 0.34087714552879333, -0.13016945123672485, -0.9999465346336365]
Obs step 20: [0.3741361200809479, 0.036386504769325256, 0.8814313411712646, 0.3370000123977661, 0.39500001072883606, 0.029999999329447746, -0.03713610768318176, 0.3586134910583496, -0.8514313697814941, -0.37334227561950684, 0.9019894599914551, -0.2060432881116867, -0.06765151768922806, 0.29736217856407166, -0.24998240172863007, 0.29859867691993713, 0.10129253566265106, 0.30674421787261963, -0.1751433163881302, 0.36060023307800293]
Obs step 21: [0.3558746576309204, 0.010989848524332047, 0.8903325200080872, 0.3370000123977661, 0.39500001072883606, 0.029999999329447746, -0.018874645233154297, 0.3840101659297943, -0.8603325486183167, 0.6930957436561584, 0.1934419572353363, -0.6593139171600342, 0.21795335412025452, 0.24854670464992523, -0.20882432162761688, 0.3097546696662903, 0.13442306220531464, 0.32577118277549744, -0.18404680490493774, 0.9569404125213623]
Obs step 22: [0.3237934410572052, -0.027293749153614044, 0.9039369225502014, 0.3370000123977661, 0.39500001072883606, 0.029999999329447746, 0.013206571340560913, 0.4222937524318695, -0.8739369511604309, -0.1858818531036377, 0.7970936894416809, 0.5160287022590637, -0.2525944709777832, 0.19933441281318665, -0.1603127121925354, 0.3099152445793152, 0.08571676909923553, 0.3749768137931824, -0.18313279747962952, -0.8836774826049805]
Obs step 23: [0.3559138774871826, -0.017834628000855446, 0.88695228099823, 0.3370000123977661, 0.39500001072883606, 0.029999999329447746, -0.018913865089416504, 0.41283464431762695, -0.8569523096084595, -0.2069491147994995, -0.4035545885562897, 0.7612550854682922, -0.4634721875190735, 0.1779838502407074, -0.19326773285865784, 0.33827364444732666, 0.11952772736549377, 0.33796632289886475, -0.20980915427207947, 0.9987884759902954]
Obs step 24: [0.3978773355484009, 0.012796631082892418, 0.8592809438705444, 0.3370000123977661, 0.39500001072883606, 0.029999999329447746, -0.060877323150634766, 0.3822033703327179, -0.8292809724807739, 0.0831630676984787, 0.7592944502830505, 0.016988491639494896, -0.6451877951622009, 0.22010040283203125, -0.24034495651721954, 0.3719751536846161, 0.15448172390460968, 0.320315420627594, -0.24468910694122314, -0.9935221076011658]
Obs step 25: [0.43506544828414917, 0.012609075754880905, 0.8266581296920776, 0.3370000123977661, 0.39500001072883606, 0.029999999329447746, -0.09806543588638306, 0.38239094614982605, -0.7966581583023071, -0.8220738172531128, -0.5577064156532288, 0.09245600551366806, 0.06789770722389221, 0.20054908096790314, -0.273133784532547, 0.4226479232311249, 0.1873384714126587, 0.3299211859703064, -0.21388912200927734, 0.9226492643356323]
Obs step 26: [0.47722265124320984, 0.03620506078004837, 0.787305474281311, 0.3370000123977661, 0.39500001072883606, 0.029999999329447746, -0.14022263884544373, 0.3587949573993683, -0.7573055028915405, 0.39531224966049194, -0.5849552750587463, 0.6859788298606873, 0.1760358214378357, 0.20287375152111053, -0.32302653789520264, 0.4730677008628845, 0.2366144061088562, 0.28415927290916443, -0.24427472054958344, -0.2779552936553955]
Obs step 27: [0.5154255628585815, 0.05025021731853485, 0.7443071603775024, 0.3370000123977661, 0.39500001072883606, 0.029999999329447746, -0.17842555046081543, 0.3447498083114624, -0.7143071889877319, 0.6557462215423584, 0.21365511417388916, 0.6208590865135193, -0.3726693391799927, 0.19020375609397888, -0.3727557361125946, 0.524066686630249, 0.28272783756256104, 0.24163739383220673, -0.21241265535354614, -0.08305901288986206]
Obs step 28: [0.5403493642807007, 0.06755442172288895, 0.7026560306549072, 0.3370000123977661, 0.39500001072883606, 0.029999999329447746, -0.20334935188293457, 0.3274455964565277, -0.6726560592651367, -0.4011234939098358, 0.1337246298789978, -0.8157145380973816, 0.39474982023239136, 0.23923815786838531, -0.4062577784061432, 0.5752140283584595, 0.23380343616008759, 0.2911205291748047, -0.16366243362426758, 0.430173397064209]
Obs step 29: [0.5146876573562622, 0.03563806414604187, 0.738829493522644, 0.3370000123977661, 0.39500001072883606, 0.029999999329447746, -0.1776876449584961, 0.3593619465827942, -0.7088295221328735, -0.53536057472229, -0.46160826086997986, 0.5258010625839233, -0.4731174409389496, 0.20783469080924988, -0.36342135071754456, 0.540278434753418, 0.2031475305557251, 0.32195034623146057, -0.12945200502872467, -0.6057198643684387]
Obs step 30: [0.5437234044075012, 0.06130161136388779, 0.6940830945968628, 0.3370000123977661, 0.39500001072883606, 0.029999999329447746, -0.2067233920097351, 0.3336983919143677, -0.6640831232070923, 0.6542600989341736, -0.1360774040222168, -0.2924155294895172, 0.6840466260910034, 0.2455112189054489, -0.40897151827812195, 0.5848584175109863, 0.2215196043252945, 0.3343079388141632, -0.15681543946266174, 0.9470236301422119]
Obs step 31: [0.5342870950698853, 0.048814620822668076, 0.699649453163147, 0.3370000123977661, 0.39500001072883606, 0.029999999329447746, -0.19728708267211914, 0.3461853861808777, -0.6696494817733765, 0.29555487632751465, -0.4419553577899933, 0.6116819381713867, 0.5858054161071777, 0.22527067363262177, -0.36592897772789, 0.6350831985473633, 0.17272810637950897, 0.3142455518245697, -0.14398114383220673, -0.9659342765808105]
Obs step 32: [0.5616936087608337, 0.0275264959782362, 0.6554868221282959, 0.3370000123977661, 0.39500001072883606, 0.029999999329447746, -0.22469359636306763, 0.3674735128879547, -0.6254868507385254, -0.8841699957847595, -0.1213400736451149, 0.17780618369579315, 0.4146142601966858, 0.19294948875904083, -0.4105113744735718, 0.682457685470581, 0.12671826779842377, 0.3406960666179657, -0.11122745275497437, -0.8987258076667786]
Obs step 33: [0.5694049596786499, 0.0484229139983654, 0.6373358368873596, 0.3370000123977661, 0.39500001072883606, 0.029999999329447746, -0.2324049472808838, 0.34657710790634155, -0.6073358654975891, -0.4812314212322235, -0.12363993376493454, -0.8580542802810669, -0.12989339232444763, 0.20812177658081055, -0.41836610436439514, 0.7122229933738708, 0.16941405832767487, 0.30642998218536377, -0.10443639755249023, 0.9950194358825684]
Obs step 34: [0.5775012969970703, 0.07689559459686279, 0.608349084854126, 0.3370000123977661, 0.39500001072883606, 0.029999999329447746, -0.2405012845993042, 0.31810441613197327, -0.5783491134643555, -0.8354608416557312, -0.011493743397295475, -0.5134024620056152, 0.19568073749542236, 0.2426387369632721, -0.4295993149280548, 0.7619926929473877, 0.1907193511724472, 0.2852320075035095, -0.09901046752929688, -0.9594749808311462]
Obs step 35: [0.5738007426261902, 0.0966729149222374, 0.600574791431427, 0.3370000123977661, 0.39500001072883606, 0.029999999329447746, -0.23680073022842407, 0.29832708835601807, -0.5705748200416565, -0.3135371208190918, 0.8956621885299683, 0.06603095680475235, 0.30842119455337524, 0.2603524923324585, -0.4140789210796356, 0.7984961271286011, 0.23220181465148926, 0.25374385714530945, -0.0740358754992485, -0.9033482074737549]
Obs step 36: [0.5905268788337708, 0.0837356224656105, 0.577134907245636, 0.3370000123977661, 0.39500001072883606, 0.029999999329447746, -0.25352686643600464, 0.31126439571380615, -0.5471349358558655, -0.21254613995552063, -0.6001126170158386, -0.770927369594574, -0.018971240147948265, 0.2140880525112152, -0.45192351937294006, 0.8072371482849121, 0.23913322389125824, 0.2079113870859146, -0.12200579792261124, 0.9973515272140503]
Obs step 37: [0.6040468215942383, 0.11854952573776245, 0.5235759019851685, 0.3370000123977661, 0.39500001072883606, 0.029999999329447746, -0.26704680919647217, 0.2764504849910736, -0.49357590079307556, 0.3002593219280243, 0.04729131609201431, -0.5334034562110901, 0.7893596291542053, 0.24401159584522247, -0.5021640658378601, 0.8592585325241089, 0.28806161880493164, 0.1653897613286972, -0.08820229768753052, -0.9836774468421936]
Obs step 38: [0.5916292667388916, 0.11478077620267868, 0.5429039001464844, 0.3370000123977661, 0.39500001072883606, 0.029999999329447746, -0.2546292543411255, 0.2802192270755768, -0.5129039287567139, -0.5672366619110107, -0.2507176697254181, -0.7497978806495667, 0.23062166571617126, 0.249371737241745, -0.4549456834793091, 0.8805555701255798, 0.2407905012369156, 0.16895173490047455, -0.07612166553735733, 1.0]
Obs step 39: [0.5958945751190186, 0.1390950232744217, 0.5051442384719849, 0.3370000123977661, 0.39500001072883606, 0.029999999329447746, -0.25889456272125244, 0.2559049725532532, -0.47514423727989197, -0.8316823244094849, -0.46629807353019714, 0.11705024540424347, 0.27779459953308105, 0.26791560649871826, -0.4804667532444, 0.9316807985305786, 0.2642263174057007, 0.12599335610866547, -0.0616266131401062, -0.9932523965835571]
Obs step 40: [0.5974241495132446, 0.1759980469942093, 0.4515343904495239, 0.3370000123977661, 0.39500001072883606, 0.029999999329447746, -0.2604241371154785, 0.21900196373462677, -0.42153438925743103, 0.6962330341339111, 0.14552873373031616, 0.26211312413215637, 0.6522098183631897, 0.31599336862564087, -0.5285703539848328, 0.9816014766693115, 0.3120596408843994, 0.11600649356842041, -0.1004863902926445, -0.4286946654319763]
Obs step 41: [0.5945781469345093, 0.19037160277366638, 0.4168456196784973, 0.3370000123977661, 0.39500001072883606, 0.029999999329447746, -0.25757813453674316, 0.20462840795516968, -0.3868456184864044, 0.6513602137565613, 0.26299795508384705, -0.6589840650558472, 0.2688902020454407, 0.33659398555755615, -0.547825038433075, 1.0313224792480469, 0.2880874574184418, 0.1017327532172203, -0.14893728494644165, 0.874971866607666]
Obs step 42: [0.5981156826019287, 0.15213453769683838, 0.4288761019706726, 0.3370000123977661, 0.39500001072883606, 0.029999999329447746, -0.2611156702041626, 0.24286547303199768, -0.3988761007785797, 0.49619153141975403, -0.2534409165382385, 0.24048759043216705, 0.794812798500061, 0.2876642644405365, -0.5151997208595276, 1.0461030006408691, 0.2571428418159485, 0.12485777586698532, -0.1893688589334488, -0.8900925517082214]
Obs step 43: [0.5854125022888184, 0.1659608632326126, 0.4191206395626068, 0.3370000123977661, 0.39500001072883606, 0.029999999329447746, -0.24841248989105225, 0.22903914749622345, -0.3891206383705139, -0.7395315766334534, 0.5128316283226013, -0.4291668236255646, -0.07689349353313446, 0.3349071443080902, -0.48948049545288086, 1.097213864326477, 0.20819634199142456, 0.16361422836780548, -0.21684789657592773, 0.24215948581695557]
Obs step 44: [0.5872908234596252, 0.14345799386501312, 0.41811493039131165, 0.3370000123977661, 0.39500001072883606, 0.029999999329447746, -0.25029081106185913, 0.25154203176498413, -0.38811492919921875, -0.18981729447841644, 0.4796704053878784, -0.2449100911617279, 0.820917010307312, 0.2891295552253723, -0.47446396946907043, 1.1183183193206787, 0.24454103410243988, 0.14853407442569733, -0.22535881400108337, 0.07941770553588867]
Obs step 45: [0.5917125940322876, 0.15404723584651947, 0.4278269410133362, 0.3370000123977661, 0.39500001072883606, 0.029999999329447746, -0.2547125816345215, 0.2409527748823166, -0.3978269398212433, -0.4140206277370453, 0.7292653918266296, -0.4608667492866516, -0.2904491424560547, 0.2983770966529846, -0.494223028421402, 1.0747511386871338, 0.24058331549167633, 0.13310985267162323, -0.255119651556015, 0.9903039932250977]
Obs step 46: [0.5891010165214539, 0.11707423627376556, 0.44047844409942627, 0.3370000123977661, 0.39500001072883606, 0.029999999329447746, -0.25210100412368774, 0.2779257893562317, -0.4104784429073334, -0.37611618638038635, -0.5278286933898926, -0.7496062517166138, 0.13425344228744507, 0.24903832376003265, -0.44825154542922974, 1.1061524152755737, 0.21078920364379883, 0.14697693288326263, -0.22460460662841797, 0.7822078466415405]
Obs step 47: [0.5871758460998535, 0.14845678210258484, 0.38815200328826904, 0.3370000123977661, 0.39500001072883606, 0.029999999329447746, -0.2501758337020874, 0.24654322862625122, -0.35815200209617615, -0.2544352412223816, 0.20887474715709686, 0.4757642149925232, -0.8156484961509705, 0.2790300250053406, -0.4967562258243561, 1.1580371856689453, 0.2563404440879822, 0.10339350253343582, -0.18968737125396729, -0.9906226992607117]
Obs step 48: [0.5819055438041687, 0.1627100110054016, 0.33540570735931396, 0.3370000123977661, 0.39500001072883606, 0.029999999329447746, -0.2449055314064026, 0.23228999972343445, -0.30540570616722107, 0.7032631039619446, 0.6602498292922974, -0.005480538122355938, -0.26355481147766113, 0.32751208543777466, -0.5443064570426941, 1.2061371803283691, 0.207264244556427, 0.1521700918674469, -0.18401697278022766, -0.11946618556976318]
Obs step 49: [0.583694338798523, 0.14774903655052185, 0.28927722573280334, 0.3370000123977661, 0.39500001072883606, 0.029999999329447746, -0.24669432640075684, 0.2472509741783142, -0.25927722454071045, -0.8953614234924316, -0.08935888111591339, -0.38280656933784485, 0.20928938686847687, 0.28261810541152954, -0.5933027267456055, 1.2454909086227417, 0.24899064004421234, 0.10973715037107468, -0.2328934371471405, 0.9795408248901367]
Obs step 50: [0.5748878121376038, 0.1530115157365799, 0.2616696059703827, 0.3370000123977661, 0.39500001072883606, 0.029999999329447746, -0.23788779973983765, 0.24198849499225616, -0.2316696047782898, -0.09310247004032135, 0.4057086110115051, -0.05622642859816551, -0.907508134841919, 0.2756369113922119, -0.6096401810646057, 1.290601372718811, 0.28789517283439636, 0.06841740757226944, -0.19069725275039673, -0.8350306749343872]
Obs step 51: [0.5584293007850647, 0.16150976717472076, 0.2145988643169403, 0.3370000123977661, 0.39500001072883606, 0.029999999329447746, -0.22142928838729858, 0.2334902435541153, -0.1845988631248474, 0.32399633526802063, 0.9000649452209473, 0.22760599851608276, 0.18194785714149475, 0.32152876257896423, -0.6494325995445251, 1.3415518999099731, 0.23988796770572662, 0.11732716113328934, -0.1825341284275055, -0.7825102210044861]
Obs step 52: [0.5683529376983643, 0.1631855070590973, 0.20355722308158875, 0.3370000123977661, 0.39500001072883606, 0.029999999329447746, -0.23135292530059814, 0.23181450366973877, -0.17355722188949585, -0.27492755651474, 0.6505913734436035, 0.4408833384513855, 0.5538660287857056, 0.29495227336883545, -0.699508011341095, 1.3018766641616821, 0.2880837321281433, 0.06832845509052277, -0.23196132481098175, 1.0]
Obs step 53: [0.5568404793739319, 0.16803571581840515, 0.16646938025951385, 0.3370000123977661, 0.39500001072883606, 0.029999999329447746, -0.21984046697616577, 0.2269642949104309, -0.13646937906742096, 0.1979660540819168, -0.7885777950286865, -0.22350884974002838, -0.5375856757164001, 0.28616970777511597, -0.7447732090950012, 1.3358511924743652, 0.3277057111263275, 0.01955585740506649, -0.2785629332065582, 0.9498813152313232]
Obs step 54: [0.5403432250022888, 0.1564714014530182, 0.12091216444969177, 0.3370000123977661, 0.39500001072883606, 0.029999999329447746, -0.2033432126045227, 0.23852860927581787, -0.09091216325759888, -0.6387934684753418, 0.3678109645843506, -0.5602027773857117, -0.3779297173023224, 0.2664841413497925, -0.7934041619300842, 1.3862168788909912, 0.3744737505912781, 0.010005230084061623, -0.26494723558425903, -0.8920201063156128]
Obs step 55: [0.5412388443946838, 0.1684873402118683, 0.11381392925977707, 0.3370000123977661, 0.39500001072883606, 0.029999999329447746, -0.20423883199691772, 0.22651267051696777, -0.08381392806768417, -0.17370176315307617, 0.7314531803131104, -0.5676268339157104, -0.3355647325515747, 0.2976711094379425, -0.821444571018219, 1.3573157787322998, 0.3400116264820099, 0.030119553208351135, -0.23643331229686737, 0.8363536596298218]
Obs step 56: [0.5454182624816895, 0.13100141286849976, 0.12095356732606888, 0.3370000123977661, 0.39500001072883606, 0.029999999329447746, -0.20841825008392334, 0.2639985978603363, -0.09095356613397598, 0.9726770520210266, -0.09404248744249344, 0.17109666764736176, -0.12562376260757446, 0.24890676140785217, -0.7885864973068237, 1.383098840713501, 0.2990913689136505, 0.06323516368865967, -0.2633568048477173, 0.992798924446106]
Obs step 57: [0.5500467419624329, 0.14753790199756622, 0.11787255853414536, 0.3370000123977661, 0.39500001072883606, 0.029999999329447746, -0.21304672956466675, 0.24746210873126984, -0.08787255734205246, -0.3663644790649414, -0.46638235449790955, 0.342129647731781, -0.7288428544998169, 0.2978343665599823, -0.8203185796737671, 1.3367273807525635, 0.26762184500694275, 0.11250737309455872, -0.3013036549091339, -0.9236002564430237]
Obs step 58: [0.5332603454589844, 0.15073180198669434, 0.09887440502643585, 0.3370000123977661, 0.39500001072883606, 0.029999999329447746, -0.19626033306121826, 0.24426820874214172, -0.06887440383434296, -0.6813820004463196, 0.374736487865448, -0.5089917778968811, -0.3690778911113739, 0.33746057748794556, -0.8285285830497742, 1.37509024143219, 0.2229398638010025, 0.16183151304721832, -0.281307578086853, 0.7575334310531616]
Obs step 59: [0.5416244864463806, 0.12238460779190063, 0.11249025911092758, 0.3370000123977661, 0.39500001072883606, 0.029999999329447746, -0.2046244740486145, 0.2726154029369354, -0.08249025791883469, 0.13993988931179047, 0.2658326029777527, -0.7090451121330261, 0.6379693150520325, 0.30257371068000793, -0.8013760447502136, 1.3790849447250366, 0.1996297538280487, 0.20045825839042664, -0.2736286222934723, 0.2481839656829834]
Obs step 60: [0.5550086498260498, 0.1372561901807785, 0.14222073554992676, 0.3370000123977661, 0.39500001072883606, 0.029999999329447746, -0.2180086374282837, 0.25774383544921875, -0.11222073435783386, 0.6248835325241089, -0.3417097330093384, -0.6394869685173035, -0.2895020544528961, 0.3215167820453644, -0.7770225405693054, 1.334088683128357, 0.20749354362487793, 0.20541466772556305, -0.31099435687065125, 0.9810593128204346]
Obs step 61: [0.5378657579421997, 0.13208763301372528, 0.11808883398771286, 0.3370000123977661, 0.39500001072883606, 0.029999999329447746, -0.2008657455444336, 0.262912392616272, -0.08808883279561996, 0.6835082173347473, -0.06460295617580414, 0.6757972240447998, 0.2682182192802429, 0.34646978974342346, -0.7901247143745422, 1.3827265501022339, 0.17258775234222412, 0.2540692985057831, -0.29262226819992065, -0.9790899157524109]
Obs step 62: [0.5403022766113281, 0.1641562581062317, 0.11976997554302216, 0.3370000123977661, 0.39500001072883606, 0.029999999329447746, -0.203302264213562, 0.23084375262260437, -0.08976997435092926, -0.4220860004425049, -0.5353025197982788, -0.14580589532852173, 0.7169625163078308, 0.3921035826206207, -0.8144468665122986, 1.3353984355926514, 0.2142808735370636, 0.2503446042537689, -0.3377964198589325, -0.6411528587341309]
Obs step 63: [0.5105451345443726, 0.1831173449754715, 0.07814361155033112, 0.3370000123977661, 0.39500001072883606, 0.029999999329447746, -0.17354512214660645, 0.21188266575336456, -0.04814361035823822, 0.3517689108848572, -0.5412283539772034, 0.2816058099269867, 0.7099497318267822, 0.4394513964653015, -0.860002875328064, 1.3790678977966309, 0.2579122483730316, 0.2491200715303421, -0.37532782554626465, 0.33185434341430664]
Obs step 64: [0.4765528440475464, 0.2078252136707306, 0.04533007740974426, 0.3370000123977661, 0.39500001072883606, 0.029999999329447746, -0.13955283164978027, 0.18717479705810547, -0.015330078080296516, 0.5520532727241516, -0.46769630908966064, -0.4294911324977875, 0.540402352809906, 0.48696938157081604, -0.8907837271690369, 1.429200291633606, 0.3063114583492279, 0.2091875672340393, -0.42225536704063416, -0.3375791311264038]
Obs step 65: [0.44542011618614197, 0.20030643045902252, 0.005278363823890686, 0.3370000123977661, 0.39500001072883606, 0.029999999329447746, -0.10842010378837585, 0.19469358026981354, 0.02472163550555706, -0.4804287254810333, 0.2214166522026062, 0.6158825159072876, 0.5838249921798706, 0.4958542287349701, -0.9403520822525024, 1.479797124862671, 0.3540523648262024, 0.20796704292297363, -0.4059690833091736, -0.6789039373397827]
Obs step 66: [0.43803006410598755, 0.2288801074028015, -0.007680565118789673, 0.3370000123977661, 0.39500001072883606, 0.029999999329447746, -0.10103005170822144, 0.16611990332603455, 0.03768056631088257, -0.3670235574245453, -0.7883005738258362, -0.1104259267449379, -0.4813336133956909, 0.5447256565093994, -0.9898836612701416, 1.4340269565582275, 0.39961105585098267, 0.20183804631233215, -0.4546718895435333, 0.9976933002471924]
Obs step 67: [0.42081189155578613, 0.20634999871253967, -0.03686678409576416, 0.3370000123977661, 0.39500001072883606, 0.029999999329447746, -0.08381187915802002, 0.1886500120162964, 0.06686678528785706, 0.2104320228099823, 0.940190851688385, -0.26772066950798035, -0.00922616757452488, 0.4981836974620819, -1.0302385091781616, 1.4764187335968018, 0.4468155801296234, 0.16321103274822235, -0.4221035838127136, 0.17081689834594727]
Obs step 68: [0.43278515338897705, 0.1955922245979309, -0.048318371176719666, 0.3370000123977661, 0.39500001072883606, 0.029999999329447746, -0.09578514099121094, 0.19940778613090515, 0.07831837236881256, 0.16163454949855804, 0.9690755009651184, -0.16048933565616608, -0.09492189437150955, 0.4547576606273651, -1.0753817558288574, 1.4363982677459717, 0.4542463421821594, 0.13963831961154938, -0.4698774814605713, 0.9978677034378052]
Obs step 0: [0.05713081359863281, -0.010126722976565361, 1.0032355785369873, 0.3370000123977661, 0.39500001072883606, 0.029999999329447746, 0.2798691987991333, 0.4051267206668854, -0.9732356071472168, 0.7077003121376038, 0.00022613280452787876, -4.573234764393419e-05, 0.7065127491950989, -0.0005017395596951246, -5.699164830730297e-05, 0.00018988338706549257, -0.00014061490946915, 0.0003810983616858721, -0.0010135991033166647, -1.0]
Obs step 1: [0.0840095803141594, -0.012102643959224224, 1.0009715557098389, 0.3370000123977661, 0.39500001072883606, 0.029999999329447746, 0.2529904246330261, 0.40710264444351196, -0.9709715843200684, 0.7168617844581604, 0.008677051402628422, 0.013549053110182285, 0.6970296502113342, -0.010754376649856567, -0.043654534965753555, -0.012531237676739693, -0.049017079174518585, -0.006794789340347052, 0.03163249418139458, -0.9039899706840515]
Obs step 2: [0.11239765584468842, -0.01640087552368641, 0.9974372982978821, 0.3370000123977661, 0.39500001072883606, 0.029999999329447746, 0.2246023565530777, 0.4114008843898773, -0.9674373269081116, 0.7325922250747681, 0.026011964306235313, 0.020033564418554306, 0.6798754930496216, 0.01792067661881447, -0.08662943542003632, -0.0208877045661211, -0.09810446202754974, 0.012087821960449219, 0.005973736755549908, -1.0]
Obs step 3: [0.13379815220832825, -0.024787340313196182, 0.9937256574630737, 0.3370000123977661, 0.39500001072883606, 0.029999999329447746, 0.20320186018943787, 0.41978734731674194, -0.9637256860733032, 0.7534205317497253, 0.04383602365851402, 0.021534837782382965, 0.6557226181030273, 0.0204570721834898, -0.11774101108312607, -0.02263314090669155, -0.14457981288433075, 0.040054742246866226, -0.01248383428901434, -1.0]
Obs step 4: [0.1471933275461197, -0.0360705740749836, 0.9904770255088806, 0.3370000123977661, 0.39500001072883606, 0.029999999329447746, 0.18980668485164642, 0.43107059597969055, -0.9604770541191101, 0.7755675911903381, 0.06148694455623627, 0.016918744891881943, 0.6280350089073181, 0.016893230378627777, -0.13715332746505737, -0.019894879311323166, -0.18926233053207397, 0.07732035219669342, -0.03260881081223488, -0.9571079611778259]
Obs step 0: [0.05713554099202156, -0.010105659253895283, 1.0032352209091187, 0.3370000123977661, 0.39500001072883606, 0.029999999329447746, 0.27986446022987366, 0.40510568022727966, -0.9732352495193481, 0.7071920037269592, 0.00019397336291149259, -2.847353789547924e-05, 0.7070215344429016, -0.0004037352045997977, -5.912217602599412e-05, 0.00018748654110822827, -0.0001294296234846115, 0.00031079089967533946, 0.0003217098710592836, -0.9565499424934387]
Obs step 1: [0.082428477704525, -0.01215442456305027, 1.0011916160583496, 0.3370000123977661, 0.39500001072883606, 0.029999999329447746, 0.2545715272426605, 0.4071544408798218, -0.9711916446685791, 0.7161273956298828, 0.007999517023563385, 0.012093848548829556, 0.69781893491745, -0.008378304541110992, -0.042989812791347504, -0.014822089113295078, -0.04906128719449043, -0.0056741307489573956, 0.03148442134261131, -0.9180617332458496]
Obs step 2: [0.11150109767913818, -0.016283823177218437, 0.9976041316986084, 0.3370000123977661, 0.39500001072883606, 0.029999999329447746, 0.22549891471862793, 0.41128382086753845, -0.9676041603088379, 0.7313357591629028, 0.02543143928050995, 0.01926743984222412, 0.6812708973884583, 0.019398199394345284, -0.08656338602304459, -0.022715698927640915, -0.09813002496957779, 0.012220979668200016, 0.008296545594930649, -1.0]
Obs step 3: [0.1331406980752945, -0.02446923777461052, 0.9938845634460449, 0.3370000123977661, 0.39500001072883606, 0.029999999329447746, 0.20385931432247162, 0.4194692373275757, -0.9638845920562744, 0.7520365715026855, 0.04325391724705696, 0.020943092182278633, 0.6573671102523804, 0.023139407858252525, -0.11797910183668137, -0.024522386491298676, -0.1463630646467209, 0.039984434843063354, -0.010060889646410942, -1.0]
Obs step 4: [0.1478317826986313, -0.03563712164759636, 0.9903942346572876, 0.3370000123977661, 0.39500001072883606, 0.029999999329447746, 0.18916822969913483, 0.4306371212005615, -0.9603942632675171, 0.7751146554946899, 0.06138865277171135, 0.017220232635736465, 0.6285953521728516, 0.020551880821585655, -0.13869157433509827, -0.02111673727631569, -0.1922173798084259, 0.07715018093585968, -0.031869515776634216, -0.9591332077980042]
Obs step 5: [0.14042414724826813, -0.046427492052316666, 0.9907727837562561, 0.3370000123977661, 0.39500001072883606, 0.029999999329447746, 0.19657586514949799, 0.4414274990558624, -0.9607728123664856, 0.7890934348106384, 0.07045882195234299, 0.00018717756029218435, 0.61021888256073, 0.018804313614964485, -0.1342637985944748, -0.02376019023358822, -0.22279153764247894, 0.11569570749998093, -0.043960265815258026, -0.9577404260635376]
Obs step 6: [0.1340680718421936, -0.05480489134788513, 0.9907944202423096, 0.3370000123977661, 0.39500001072883606, 0.029999999329447746, 0.2029319405555725, 0.4498049020767212, -0.9607944488525391, 0.7948598265647888, 0.07902846485376358, -0.014762581326067448, 0.6014436483383179, 0.010873686522245407, -0.1303984820842743, -0.027121631428599358, -0.21898587048053741, 0.1482381969690323, -0.05969955027103424, -0.9060198068618774]
Obs step 7: [0.12809357047080994, -0.06276126205921173, 0.9904454350471497, 0.3370000123977661, 0.39500001072883606, 0.029999999329447746, 0.20890644192695618, 0.457761287689209, -0.9604454636573792, 0.7996929287910461, 0.0883730798959732, -0.027828436344861984, 0.5932174921035767, -0.0031105722300708294, -0.12325216084718704, -0.025240374729037285, -0.20159383118152618, 0.17870555818080902, -0.08102667331695557, -0.9051129817962646]
Obs step 8: [0.11750134825706482, -0.0695342868566513, 0.9907954931259155, 0.3370000123977661, 0.39500001072883606, 0.029999999329447746, 0.2194986641407013, 0.46453428268432617, -0.960795521736145, 0.8009568452835083, 0.09478750824928284, -0.042424242943525314, 0.5896470546722412, -0.0183491799980402, -0.1100897490978241, -0.024512799456715584, -0.17853938043117523, 0.20572173595428467, -0.09601814299821854, -0.7549642324447632]
Obs step 9: [0.10032492876052856, -0.0775001049041748, 0.9913892149925232, 0.3370000123977661, 0.39500001072883606, 0.029999999329447746, 0.23667508363723755, 0.47250011563301086, -0.9613892436027527, 0.805874764919281, 0.10089424252510071, -0.06168049946427345, 0.5801566243171692, -0.03568316251039505, -0.08865609765052795, -0.02346085198223591, -0.15886874496936798, 0.23865625262260437, -0.11992374062538147, -0.7548874616622925]
Obs step 10: [0.08823022246360779, -0.0835600420832634, 0.9911094903945923, 0.3370000123977661, 0.39500001072883606, 0.029999999329447746, 0.24876978993415833, 0.47856006026268005, -0.9611095190048218, 0.8065449595451355, 0.10793671756982803, -0.07540713250637054, 0.576323390007019, -0.05554821342229843, -0.0689534991979599, -0.01613396219909191, -0.12876011431217194, 0.26576855778694153, -0.13861380517482758, -0.5703590512275696]
Obs step 11: [0.07678987830877304, -0.08809085190296173, 0.990764319896698, 0.3370000123977661, 0.39500001072883606, 0.029999999329447746, 0.2602101266384125, 0.483090877532959, -0.9607643485069275, 0.8142651915550232, 0.11421936750411987, -0.0842784121632576, 0.5628705620765686, -0.08076941221952438, -0.04635018855333328, -0.0026141589041799307, -0.09928423911333084, 0.28594574332237244, -0.17481787502765656, -0.4627534747123718]
Obs step 12: [0.06597646325826645, -0.08951471745967865, 0.9908937215805054, 0.3370000123977661, 0.39500001072883606, 0.029999999329447746, 0.27102354168891907, 0.4845147132873535, -0.9608937501907349, 0.8216086626052856, 0.11733005940914154, -0.0887911394238472, 0.5507349967956543, -0.10797839611768723, -0.023137543350458145, 0.011326423846185207, -0.06263595074415207, 0.29555895924568176, -0.21401801705360413, -0.13471448421478271]
Obs step 13: [0.06250958144664764, -0.08783070743083954, 0.9912617802619934, 0.3370000123977661, 0.39500001072883606, 0.029999999329447746, 0.2744904160499573, 0.4828307032585144, -0.9612618088722229, 0.8326927423477173, 0.11785945296287537, -0.08355915546417236, 0.5345556735992432, -0.13409548997879028, -0.007751929108053446, 0.027640415355563164, -0.030818631872534752, 0.28894925117492676, -0.2593514025211334, -0.3456799387931824]
Obs step 14: [0.05723416060209274, -0.0847674161195755, 0.9924690127372742, 0.3370000123977661, 0.39500001072883606, 0.029999999329447746, 0.2797658443450928, 0.47976744174957275, -0.9624690413475037, 0.8373169898986816, 0.11259663105010986, -0.0816010907292366, 0.5287376046180725, -0.16510213911533356, -5.912217602599412e-05, 0.027937358245253563, 0.00330311874859035, 0.2775530517101288, -0.2786332368850708, 0.10084867477416992]
Obs step 15: [0.0640590563416481, -0.08141529560089111, 0.9927346110343933, 0.3370000123977661, 0.39500001072883606, 0.029999999329447746, 0.2729409635066986, 0.4764153063297272, -0.9627346396446228, 0.8541663885116577, 0.10785136371850967, -0.06436306983232498, 0.5046041011810303, -0.18107791244983673, 0.005648830905556679, 0.05480119585990906, -0.015723835676908493, 0.24789582192897797, -0.3006596863269806, -0.07640212774276733]
Obs step 16: [0.07038379460573196, -0.08056879043579102, 0.9926803112030029, 0.3370000123977661, 0.39500001072883606, 0.029999999329447746, 0.26661622524261475, 0.4755688011646271, -0.9626803398132324, 0.8604530692100525, 0.10392316430807114, -0.0547151081264019, 0.4958091676235199, -0.2050303816795349, 0.0007962851668708026, 0.06395874172449112, -0.023568974807858467, 0.2284400910139084, -0.2894408702850342, -0.15434342622756958]
Obs step 17: [0.06850863248109818, -0.07868102192878723, 0.9935214519500732, 0.3370000123977661, 0.39500001072883606, 0.029999999329447746, 0.26849138736724854, 0.4736810326576233, -0.9635214805603027, 0.8659449815750122, 0.09673861414194107, -0.05056827887892723, 0.488081693649292, -0.23343032598495483, 0.003483681008219719, 0.06721312552690506, -0.026036128401756287, 0.21106669306755066, -0.27808940410614014, -0.09733080863952637]
Obs step 18: [0.0627010390162468, -0.07376468181610107, 0.9949921369552612, 0.3370000123977661, 0.39500001072883606, 0.029999999329447746, 0.2742989659309387, 0.46876469254493713, -0.9649921655654907, 0.8717490434646606, 0.08565324544906616, -0.045278213918209076, 0.48027801513671875, -0.24849529564380646, 0.01563994586467743, 0.07502204924821854, -0.04121614620089531, 0.1873384714126587, -0.2683912515640259, -0.14096450805664062]
Obs step 19: [0.05052998661994934, -0.06532111018896103, 0.9974570870399475, 0.3370000123977661, 0.39500001072883606, 0.029999999329447746, 0.2864700257778168, 0.4603211283683777, -0.967457115650177, 0.8727385997772217, 0.06867783516645432, -0.04316389933228493, 0.4814017117023468, -0.2601141333580017, 0.03219228982925415, 0.07342281937599182, -0.051051199436187744, 0.15924957394599915, -0.24819914996623993, -0.14035528898239136]
Obs step 20: [0.015967143699526787, -0.049924612045288086, 1.0014362335205078, 0.3370000123977661, 0.39500001072883606, 0.029999999329447746, 0.32103288173675537, 0.44492462277412415, -0.9714362621307373, 0.873394787311554, 0.036684345453977585, -0.052685484290122986, 0.48276287317276, -0.2826519310474396, 0.06777771562337875, 0.053890660405159, -0.06742963939905167, 0.12680348753929138, -0.21171757578849792, -0.27358168363571167]
Obs step 21: [-0.03550972416996956, -0.02567216008901596, 1.0036137104034424, 0.3370000123977661, 0.39500001072883606, 0.029999999329447746, 0.37250974774360657, 0.4206721782684326, -0.9736137390136719, 0.873187243938446, -0.009481464512646198, -0.06956937909126282, 0.4823009967803955, -0.3174562454223633, 0.11416838318109512, 0.012409531511366367, -0.0808786004781723, 0.08921216428279877, -0.16764971613883972, -0.7864769697189331]
Obs step 22: [-0.06227385997772217, -0.0025260867550969124, 1.003507375717163, 0.3370000123977661, 0.39500001072883606, 0.029999999329447746, 0.3992738723754883, 0.3975260853767395, -0.9735074043273926, 0.8626097440719604, -0.047493353486061096, -0.07194855064153671, 0.49846985936164856, -0.3647236227989197, 0.12648336589336395, -0.03610394150018692, -0.04276930168271065, 0.05169861391186714, -0.1195056214928627, -0.9155319929122925]
Obs step 23: [-0.07839746028184891, 0.021806392818689346, 1.0022587776184082, 0.3370000123977661, 0.39500001072883606, 0.029999999329447746, 0.4153974652290344, 0.373193621635437, -0.9722588062286377, 0.849395751953125, -0.08432205021381378, -0.06396761536598206, 0.517034649848938, -0.4131883680820465, 0.12642398476600647, -0.08556203544139862, 0.006728210020810366, 0.007989482954144478, -0.07163530588150024, -0.3498139977455139]
Obs step 24: [-0.10656081885099411, 0.052716437727212906, 0.9970813393592834, 0.3370000123977661, 0.39500001072883606, 0.029999999329447746, 0.4435608386993408, 0.34228357672691345, -0.9670813679695129, 0.856876790523529, -0.12599951028823853, -0.06355369836091995, 0.49582985043525696, -0.45046091079711914, 0.14671726524829865, -0.13252314925193787, 0.0460876002907753, -0.03581951558589935, -0.11222667247056961, -0.9829798936843872]
Obs step 25: [-0.11466839164495468, 0.07541895657777786, 0.9931063652038574, 0.3370000123977661, 0.39500001072883606, 0.029999999329447746, 0.4516684114933014, 0.3195810616016388, -0.9631063938140869, 0.8518542647361755, -0.15626314282417297, -0.05269785225391388, 0.49714094400405884, -0.4893670380115509, 0.14299550652503967, -0.17334195971488953, 0.09485673904418945, -0.07387715578079224, -0.10797999799251556, 1.0]
Obs step 26: [-0.07061316817998886, 0.06295887380838394, 0.999004602432251, 0.3370000123977661, 0.39500001072883606, 0.029999999329447746, 0.40761318802833557, 0.3320411443710327, -0.9690046310424805, 0.8541007041931152, -0.13711698353290558, -0.018286757171154022, 0.5013746023178101, -0.46309706568717957, 0.109648197889328, -0.1272575557231903, 0.12497255951166153, -0.11898790299892426, -0.156963512301445, -0.998163104057312]
Obs step 27: [-0.09585574269294739, 0.08806273341178894, 0.9930301904678345, 0.3370000123977661, 0.39500001072883606, 0.029999999329447746, 0.4328557550907135, 0.3069372773170471, -0.963030219078064, 0.8440179824829102, -0.16744093596935272, -0.019332459196448326, 0.5091398358345032, -0.5019984245300293, 0.13923858106136322, -0.14955992996692657, 0.17407086491584778, -0.1352294534444809, -0.13785161077976227, 1.0]
Obs step 28: [-0.05788742005825043, 0.0784478485584259, 0.9967237114906311, 0.3370000123977661, 0.39500001072883606, 0.029999999329447746, 0.39488744735717773, 0.31655216217041016, -0.9667237401008606, 0.8446380496025085, -0.15265227854251862, 0.010938397608697414, 0.5129953026771545, -0.4807623624801636, 0.11272788047790527, -0.10349470376968384, 0.20698301494121552, -0.17937135696411133, -0.18594403564929962, -0.9995582103729248]
Obs step 29: [-0.0510985404253006, 0.08495285362005234, 0.9956527948379517, 0.3370000123977661, 0.39500001072883606, 0.029999999329447746, 0.3880985379219055, 0.3100471496582031, -0.9656528234481812, 0.8414717316627502, -0.15462419390678406, 0.0242213923484087, 0.5171363353729248, -0.5066397786140442, 0.12393845617771149, -0.07461804151535034, 0.2564770579338074, -0.19940045475959778, -0.19917142391204834, 1.0]
Obs step 30: [-0.0275950338691473, 0.08156762272119522, 0.9953416585922241, 0.3370000123977661, 0.39500001072883606, 0.029999999329447746, 0.36459505558013916, 0.31343239545822144, -0.9653416872024536, 0.8476831316947937, -0.14849616587162018, 0.04699106886982918, 0.5071233510971069, -0.49440839886665344, 0.11849575489759445, -0.030220486223697662, 0.2605237364768982, -0.24021713435649872, -0.2412451058626175, -0.9997628331184387]
Obs step 31: [-0.019967123866081238, 0.09298805892467499, 0.992003858089447, 0.3370000123977661, 0.39500001072883606, 0.029999999329447746, 0.35696715116500854, 0.30201196670532227, -0.9620038866996765, 0.835479736328125, -0.15772953629493713, 0.07019317150115967, 0.5216972231864929, -0.5355195999145508, 0.12804292142391205, -0.00592500064522028, 0.3098808825016022, -0.2825464904308319, -0.2105601727962494, 1.0]
Obs step 32: [-0.007716613821685314, 0.09492279589176178, 0.9892423748970032, 0.3370000123977661, 0.39500001072883606, 0.029999999329447746, 0.3447166383266449, 0.3000771999359131, -0.9592424035072327, 0.8338004350662231, -0.15983083844184875, 0.08712349832057953, 0.521191418170929, -0.5117200016975403, 0.1346169263124466, 0.036924462765455246, 0.3253309428691864, -0.3234153389930725, -0.25194621086120605, -0.9988746047019958]
Obs step 33: [-0.010898962616920471, 0.11225187033414841, 0.983698308467865, 0.3370000123977661, 0.39500001072883606, 0.029999999329447746, 0.3478989601135254, 0.28274813294410706, -0.9536983370780945, 0.8211621046066284, -0.17648400366306305, 0.10636796802282333, 0.532195508480072, -0.5515459775924683, 0.16050845384597778, 0.06285832077264786, 0.3742481768131256, -0.3697948157787323, -0.22634312510490417, 1.0]
Obs step 34: [-0.010907924734055996, 0.12183795869350433, 0.9787259101867676, 0.3370000123977661, 0.39500001072883606, 0.029999999329447746, 0.3479079306125641, 0.2731620669364929, -0.9487259387969971, 0.8090620636940002, -0.18931929767131805, 0.11928094178438187, 0.5434600710868835, -0.5326226353645325, 0.17699208855628967, 0.09737768769264221, 0.40922051668167114, -0.4140736162662506, -0.2490130215883255, -0.999932587146759]
