Obs step 0: [0.05729769915342331, -0.009927337989211082, 1.0032213926315308, 0.3370000123977661, 0.39500001072883606, 0.029999999329447746, 0.2797023057937622, 0.4049273431301117, -0.9732214212417603, 0.9999999403953552, 0.0002525464224163443, 0.00010904897499131039, 0.0002053021889878437, -2.9294771593413316e-05, -0.0002109223569277674, 0.0002873550693038851, 0.00041784998029470444, -0.00022903185163158923, 2.210423735959921e-05, -1.0]
Obs norm: [-0.789681077003479, -0.9325188994407654, 1.0660580396652222, -0.06965791434049606, 0.8823676109313965, -0.10259472578763962, 0.7452812194824219, 1.1440362930297852, -1.0620615482330322, 0.873060941696167, 0.768426239490509, -0.9396870732307434, -0.877501368522644, -0.5783491134643555, 0.9314931631088257, -0.9712991118431091, -0.7469661235809326, 0.8482469916343689, 0.2824033796787262, -2.4744279384613037]
Action: [-0.7972253  -0.792792    0.7573477   0.73735094 -0.84602374 -0.8920434
 -0.37772763]
Obs step 1: [0.10448049008846283, -0.00219578854739666, 0.9970295429229736, 0.3370000123977661, 0.39500001072883606, 0.029999999329447746, 0.23251952230930328, 0.3971957862377167, -0.9670295715332031, 0.9988061189651489, 0.03815719857811928, 0.020434875041246414, -0.02264496311545372, -0.039448872208595276, -0.03946804627776146, 0.03772047907114029, 0.035882368683815, -0.042151980102062225, -0.04326145350933075, -0.3833008408546448]
Obs norm: [-0.5723859071731567, -0.893293559551239, 1.0488824844360352, -0.06965791434049606, 0.8823676109313965, -0.10259472578763962, 0.5338714122772217, 1.104265809059143, -1.0450613498687744, 0.8700909614562988, 0.9932409524917603, -0.8664253354072571, -0.9413267374038696, -0.6635231971740723, 0.8705412745475769, -0.9065436124801636, -0.6543827056884766, 0.8000946640968323, 0.10504071414470673, -0.475807249546051]
Action: [-0.8489176   0.52307725  0.9171355   0.5212785  -0.7201507   0.70091915
 -0.9891182 ]
Obs step 2: [0.10620887577533722, 0.003048964310437441, 0.9948971271514893, 0.3370000123977661, 0.39500001072883606, 0.029999999329447746, 0.2307911366224289, 0.3919510543346405, -0.9648971557617188, 0.998134434223175, 0.048399701714515686, 0.035307932645082474, -0.011769606731832027, -0.08103466778993607, -0.013646570034325123, 0.08308423310518265, 0.06215152144432068, -0.07724285870790482, -0.008440623059868813, -0.983270525932312]
Obs norm: [-0.5644260048866272, -0.8666847348213196, 1.0429673194885254, -0.06965791434049606, 0.8823676109313965, -0.10259472578763962, 0.5261270999908447, 1.0772874355316162, -1.039206624031067, 0.868419885635376, 1.0539898872375488, -0.812817394733429, -0.91094970703125, -0.7533777952194214, 0.9106325507164001, -0.8280689716339111, -0.5858046412467957, 0.7597896456718445, 0.2477257400751114, -2.420210599899292]
Action: [ 0.74982905  0.39297652  0.11407864 -0.27248567 -0.77107793 -0.62890995
 -0.7819504 ]
Obs step 3: [0.09452449530363083, 0.015550006181001663, 0.9953912496566772, 0.3370000123977661, 0.39500001072883606, 0.029999999329447746, 0.2424755096435547, 0.3794499933719635, -0.9653912782669067, 0.9974912405014038, 0.040382325649261475, 0.056258752942085266, -0.014678996987640858, -0.044548291712999344, 0.005574794951826334, 0.08905530720949173, 0.04934251680970192, -0.11499689519405365, -0.039033420383930206, -0.7775437235832214]
Obs norm: [-0.6182371377944946, -0.8032617568969727, 1.0443379878997803, -0.06965791434049606, 0.8823676109313965, -0.10259472578763962, 0.5784807801246643, 1.0129830837249756, -1.0405633449554443, 0.8668197393417358, 1.0064382553100586, -0.7373029589653015, -0.9190762042999268, -0.6745415329933167, 0.9404762983322144, -0.8177396059036255, -0.6192437410354614, 0.7164256572723389, 0.12236588448286057, -1.7534836530685425]
Action: [-0.39157772  0.41329134 -0.3600335   0.22322786 -0.7985406   0.06291592
 -0.9064523 ]
Obs step 4: [0.0707436129450798, 0.025106266140937805, 0.9973719716072083, 0.3370000123977661, 0.39500001072883606, 0.029999999329447746, 0.2662563920021057, 0.36989372968673706, -0.9673720002174377, 0.9967148900032043, 0.02139993943274021, 0.07614196091890335, -0.017432471737265587, -0.06363250315189362, 0.02624651789665222, 0.07175540924072266, 0.060690511018037796, -0.15451127290725708, -0.035535089671611786, -0.915390133857727]
Obs norm: [-0.7277573943138123, -0.7547789216041565, 1.0498323440551758, -0.06965791434049606, 0.8823676109313965, -0.10259472578763962, 0.6850346922874451, 0.9638265371322632, -1.0460015535354614, 0.8648883700370789, 0.8938526511192322, -0.6656365990638733, -0.9267671704292297, -0.7157768607139587, 0.972571849822998, -0.8476666808128357, -0.5896187424659729, 0.6710398197174072, 0.13670097291469574, -2.200221300125122]
Action: [ 0.7378136  -0.7966168  -0.5670366   0.67384744 -0.9364535  -0.8192889
 -0.65752316]
Obs step 5: [0.08418896794319153, 0.03978386148810387, 0.9947205185890198, 0.3370000123977661, 0.39500001072883606, 0.029999999329447746, 0.2528110444545746, 0.3552161455154419, -0.9647205471992493, 0.9948177933692932, 0.021310677751898766, 0.09940073639154434, -0.00169753294903785, -0.02750193141400814, -0.012941897846758366, 0.04430967569351196, 0.09433875232934952, -0.20103563368320465, -0.07600767910480499, -0.655380368232727]
Obs norm: [-0.6658362746238708, -0.6803134083747864, 1.0424774885177612, -0.06965791434049606, 0.8823676109313965, -0.10259472578763962, 0.6247907280921936, 0.8883264064788818, -1.0387217998504639, 0.8601686954498291, 0.8933232426643372, -0.5818034410476685, -0.8828163743019104, -0.637709379196167, 0.9117266535758972, -0.8951449990272522, -0.501776933670044, 0.6176023483276367, -0.029143227264285088, -1.357572317123413]
Action: [-0.6393985   0.13028812  0.32219243  0.6910548  -0.8378831   0.7964493
 -0.933299  ]
Obs step 6: [0.08567503094673157, 0.048406463116407394, 0.9919908046722412, 0.3370000123977661, 0.39500001072883606, 0.029999999329447746, 0.25132498145103455, 0.34659355878829956, -0.9619908332824707, 0.992405354976654, 0.026656651869416237, 0.1183631494641304, 0.020277762785553932, -0.05872749537229538, -0.006613161414861679, 0.060380253940820694, 0.12877503037452698, -0.24279506504535675, -0.03729916736483574, -0.9337472319602966]
Obs norm: [-0.6589924097061157, -0.6365673542022705, 1.0349055528640747, -0.06965791434049606, 0.8823676109313965, -0.10259472578763962, 0.6181322336196899, 0.8439726233482361, -1.0312271118164062, 0.8541669845581055, 0.925030529499054, -0.5134559273719788, -0.8214350342750549, -0.7051786184310913, 0.921552836894989, -0.8673445582389832, -0.4118778705596924, 0.5696378946304321, 0.12947231531143188, -2.259713649749756]
Action: [ 0.81592107 -0.6282968  -0.41835648  0.03506505 -0.9495447  -0.6894291
  0.36804235]
Obs step 7: [0.09614288061857224, 0.06212420389056206, 0.9881068468093872, 0.3370000123977661, 0.39500001072883606, 0.029999999329447746, 0.24085712432861328, 0.3328758180141449, -0.9581068754196167, 0.989211916923523, 0.025412732735276222, 0.14206194877624512, 0.025146206840872765, -0.018760371953248978, -0.037945784628391266, 0.040105875581502914, 0.1299806386232376, -0.2895260751247406, -0.0716981515288353, 0.3588749170303345]
Obs norm: [-0.6107838749885559, -0.5669716000556946, 1.0241318941116333, -0.06965791434049606, 0.8823676109313965, -0.10259472578763962, 0.5712293386459351, 0.7734097838401794, -1.0205634832382202, 0.8462222814559937, 0.9176527857780457, -0.42803677916526794, -0.8078365325927734, -0.6188214421272278, 0.8729047775268555, -0.9024171233177185, -0.40873050689697266, 0.515963077545166, -0.011484111659228802, 1.9294625520706177]
Action: [-0.5933883   0.53679657  0.87779605 -0.2413894  -0.93880606  0.9325249
 -0.99829096]
Obs step 8: [0.09845126420259476, 0.06900154054164886, 0.9834598302841187, 0.3370000123977661, 0.39500001072883606, 0.029999999329447746, 0.23854875564575195, 0.3259984850883484, -0.9534598588943481, 0.9853439331054688, 0.03884099796414375, 0.16340193152427673, 0.029808493331074715, -0.04760347306728363, -0.011785020120441914, 0.08368290960788727, 0.11835167557001114, -0.33571383357048035, -0.026328010484576225, -0.9884347319602966]
Obs norm: [-0.600152850151062, -0.5320800542831421, 1.0112415552139282, -0.06965791434049606, 0.8823676109313965, -0.10259472578763962, 0.5608863234519958, 0.7380334138870239, -1.0078047513961792, 0.8365994691848755, 0.9972966313362122, -0.35111966729164124, -0.7948138117790222, -0.6811428666114807, 0.9135228395462036, -0.8270333409309387, -0.43908900022506714, 0.4629122316837311, 0.17442874610424042, -2.4369468688964844]
Action: [ 0.95723987 -0.34374118 -0.88600576  0.31501365 -0.9585276  -0.5713878
  0.92561436]
Obs step 9: [0.084551140666008, 0.08462455123662949, 0.981904149055481, 0.3370000123977661, 0.39500001072883606, 0.029999999329447746, 0.2524488568305969, 0.310375452041626, -0.9519041776657104, 0.9809616804122925, 0.015991801396012306, 0.1882169246673584, 0.04508756846189499, -0.0011222560424357653, -0.028484106063842773, 0.04029575735330582, 0.1337202489376068, -0.38338759541511536, -0.05396629497408867, 0.9327658414840698]
Obs norm: [-0.6641683578491211, -0.45281803607940674, 1.00692617893219, -0.06965791434049606, 0.8823676109313965, -0.10259472578763962, 0.6231679320335388, 0.6576699614524841, -1.0035334825515747, 0.8256972432136536, 0.8617766499519348, -0.2616773247718811, -0.7521363496780396, -0.5807107090950012, 0.8875952959060669, -0.9020886421203613, -0.3989679217338562, 0.40815457701683044, 0.061175569891929626, 3.789348840713501]
Action: [ 0.19962811  0.7900804   0.7783463   0.6455364  -0.96526414 -0.37956917
 -0.9991253 ]
Obs step 10: [0.06722652912139893, 0.09692702442407608, 0.9779139757156372, 0.3370000123977661, 0.39500001072883606, 0.029999999329447746, 0.2697734832763672, 0.2980729937553406, -0.9479140043258667, 0.9758246541023254, 0.006772294174879789, 0.21100810170173645, 0.05653300881385803, 0.00866326317191124, 0.010602043941617012, 0.07837390154600143, 0.16503076255321503, -0.43162065744400024, -0.0725967064499855, -0.9901018142700195]
Obs norm: [-0.7439549565315247, -0.39040252566337585, 0.9958578944206238, -0.06965791434049606, 0.8823676109313965, -0.10259472578763962, 0.7007936239242554, 0.5943872332572937, -0.9925781488418579, 0.8129172325134277, 0.8070952296257019, -0.1795295625925064, -0.7201669812202454, -0.5595670938491821, 0.9482817649841309, -0.8362173438072205, -0.31722894310951233, 0.35275453329086304, -0.015166113153100014, -2.442349672317505]
Action: [ 0.6323559  -0.49372053 -0.98180175  0.21500134 -0.95973194 -0.57485586
  0.99340796]
Obs step 11: [0.05665818974375725, 0.10892541706562042, 0.9747036099433899, 0.3370000123977661, 0.39500001072883606, 0.029999999329447746, 0.28034183382987976, 0.28607457876205444, -0.9447036385536194, 0.9702150225639343, -0.015791751444339752, 0.23383361101150513, 0.061280734837055206, 0.039799079298973083, -0.01359597034752369, 0.03038373775780201, 0.17531003057956696, -0.47898444533348083, -0.09953191876411438, 0.9920105934143066]
Obs norm: [-0.7926262617111206, -0.32952970266342163, 0.9869526624679565, -0.06965791434049606, 0.8823676109313965, -0.10259472578763962, 0.7481467127799988, 0.5326684713363647, -0.9837638735771179, 0.7989614605903625, 0.6732665300369263, -0.0972580686211586, -0.7069056034088135, -0.49229174852371216, 0.9107111096382141, -0.9192354679107666, -0.2903939485549927, 0.2983529269695282, -0.12553830444812775, 3.981351375579834]
Action: [-0.93092954  0.9517424   0.27699327  0.9128753  -0.9907901  -0.5919697
 -0.9960796 ]
Obs step 12: [0.025925328955054283, 0.11784791946411133, 0.9707349538803101, 0.3370000123977661, 0.39500001072883606, 0.029999999329447746, 0.3110746741294861, 0.27715209126472473, -0.9407349824905396, 0.9647006988525391, -0.03936358541250229, 0.25688982009887695, 0.042552486062049866, -0.006049104034900665, 0.03344211354851723, 0.04422205686569214, 0.2202913612127304, -0.5280750393867493, -0.12892256677150726, -0.9855422377586365]
Obs norm: [-0.9341630935668945, -0.28426215052604675, 0.9759440422058105, -0.06965791434049606, 0.8823676109313965, -0.10259472578763962, 0.8858500123023987, 0.48677200078964233, -0.9728676080703735, 0.7852428555488586, 0.5334606170654297, -0.01415503490716219, -0.7592173218727112, -0.5913561582565308, 0.9837439656257629, -0.895296573638916, -0.17296604812145233, 0.24196791648864746, -0.24597212672233582, -2.427572727203369]
Action: [-0.90129167  0.84851027 -0.9783678   0.9985411  -0.92766535  0.33343065
  0.9999919 ]
Obs step 13: [-0.02881893515586853, 0.12979301810264587, 0.96506267786026, 0.3370000123977661, 0.39500001072883606, 0.029999999329447746, 0.36581894755363464, 0.2652069926261902, -0.9350627064704895, 0.9545709490776062, -0.08465861529111862, 0.2828997075557709, 0.0399370975792408, -0.05049992725253105, 0.07534029334783554, -0.004176901653409004, 0.26967835426330566, -0.5739703178405762, -0.11284026503562927, 1.0]
Obs norm: [-1.1862818002700806, -0.22365973889827728, 0.9602097272872925, -0.06965791434049606, 0.8823676109313965, -0.10259472578763962, 1.1311402320861816, 0.42532750964164734, -0.9572939872741699, 0.7600418329238892, 0.2648131251335144, 0.07959413528442383, -0.7665226459503174, -0.6874012351036072, 1.0487964153289795, -0.9790218472480774, -0.044036757200956345, 0.18925301730632782, -0.18007181584835052, 4.007243633270264]
Action: [-0.992678    0.99364185  0.19458044  0.99973893 -0.99221706 -0.91171956
 -0.8915749 ]
Obs step 14: [-0.06124943867325783, 0.14488014578819275, 0.9551847577095032, 0.3370000123977661, 0.39500001072883606, 0.029999999329447746, 0.39824944734573364, 0.2501198649406433, -0.9251847863197327, 0.9445656538009644, -0.11331275850534439, 0.3079070448875427, 0.012216693721711636, -0.0995393767952919, 0.12427134811878204, 0.005437908694148064, 0.3190874457359314, -0.6230018138885498, -0.15709348022937775, -0.8863234519958496]
Obs norm: [-1.335636854171753, -0.1471164971590042, 0.9328094124794006, -0.06965791434049606, 0.8823676109313965, -0.10259472578763962, 1.2764501571655273, 0.3477206826210022, -0.930173397064209, 0.7351505160331726, 0.09486370533704758, 0.16972975432872772, -0.8439512252807617, -0.7933610081672668, 1.1247683763504028, -0.9623891711235046, 0.08495022356510162, 0.13293589651584625, -0.3614078462123871, -2.106020927429199]
Action: [-0.98152673  0.9863068  -0.96314925  0.9999999  -0.996987   -0.02716893
  1.        ]
Obs step 0: [0.05733631178736687, -0.00992313027381897, 1.0032176971435547, 0.3370000123977661, 0.39500001072883606, 0.029999999329447746, 0.27966371178627014, 0.40492314100265503, -0.9732177257537842, 0.9999999403953552, 0.0002810293226502836, 0.00012025640899082646, 0.00017999589908868074, -2.9294771593413316e-05, -0.00023542344570159912, 0.00032384038786403835, 0.00035499935620464385, -0.00023329291434492916, 2.5832661776803434e-05, -1.0]
Obs norm: [-0.789503276348114, -0.932497501373291, 1.0660477876663208, -0.06965791434049606, 0.8823676109313965, -0.10259472578763962, 0.7451083064079285, 1.1440147161483765, -1.0620514154434204, 0.873060941696167, 0.7685951590538025, -0.9396466612815857, -0.8775720596313477, -0.5783491134643555, 0.931455135345459, -0.971235990524292, -0.7471301555633545, 0.8482421040534973, 0.2824186682701111, -2.4744279384613037]
Action: [-0.7970147  -0.79197615  0.75677514  0.73715365 -0.84614605 -0.891565
 -0.37734103]
Obs step 1: [0.10424347966909409, -0.002086095977574587, 0.9970623254776001, 0.3370000123977661, 0.39500001072883606, 0.029999999329447746, 0.23275652527809143, 0.39708611369132996, -0.9670623540878296, 0.9988307356834412, 0.03798775374889374, 0.020410891622304916, -0.02185075357556343, -0.0394802987575531, -0.03919427469372749, 0.03769118711352348, 0.037091974169015884, -0.042163167148828506, -0.043228428810834885, -0.3843052387237549]
Obs norm: [-0.5734774470329285, -0.8927370309829712, 1.0489734411239624, -0.06965791434049606, 0.8823676109313965, -0.10259472578763962, 0.53493332862854, 1.1037017107009888, -1.0451513528823853, 0.8701521754264832, 0.9922359585762024, -0.8665118217468262, -0.9391083121299744, -0.6635910868644714, 0.870966374874115, -0.9065942764282227, -0.6512249112129211, 0.8000818490982056, 0.10517603904008865, -0.4790623188018799]
Action: [-0.8522424   0.51401806  0.9185233   0.516907   -0.72214305  0.696542
 -0.9892157 ]
Obs step 2: [0.10673816502094269, 0.002939987927675247, 0.9948229193687439, 0.3370000123977661, 0.39500001072883606, 0.029999999329447746, 0.23026184737682343, 0.3920600116252899, -0.9648229479789734, 0.9981070160865784, 0.048751406371593475, 0.03535158559679985, -0.012489949353039265, -0.0811273455619812, -0.014343785122036934, 0.0830426886677742, 0.06089024990797043, -0.0773019790649414, -0.00854448601603508, -0.9805291891098022]
Obs norm: [-0.5619884729385376, -0.8672376275062561, 1.0427615642547607, -0.06965791434049606, 0.8823676109313965, -0.10259472578763962, 0.5237555503845215, 1.0778478384017944, -1.0390028953552246, 0.8683516979217529, 1.0560758113861084, -0.8126600384712219, -0.9129617214202881, -0.7535780668258667, 0.9095500111579895, -0.8281408548355103, -0.5890973210334778, 0.7597216963768005, 0.2473001480102539, -2.4113261699676514]
Action: [ 0.74955237  0.41307783  0.11098254 -0.26428634 -0.7642705  -0.6190534
 -0.7867913 ]
Obs step 3: [0.09416056424379349, 0.015402873046696186, 0.9954428672790527, 0.3370000123977661, 0.39500001072883606, 0.029999999329447746, 0.24283945560455322, 0.37959712743759155, -0.9654428958892822, 0.9974824786186218, 0.04016847908496857, 0.056270796805620193, -0.015772175043821335, -0.04460155591368675, 0.006125004030764103, 0.08898952603340149, 0.04693075641989708, -0.1149154007434845, -0.03867122903466225, -0.7831426858901978]
Obs norm: [-0.6199132204055786, -0.8040082454681396, 1.0444811582565308, -0.06965791434049606, 0.8823676109313965, -0.10259472578763962, 0.5801115036010742, 1.0137399435043335, -1.0407050848007202, 0.8667979836463928, 1.0051699876785278, -0.737259566783905, -0.9221296310424805, -0.6746566295623779, 0.9413305521011353, -0.8178533911705017, -0.6255398988723755, 0.716519296169281, 0.1238500326871872, -1.771628975868225]
Action: [-0.3638041   0.4147954  -0.38790184  0.23591495 -0.7972589   0.06396377
 -0.8992914 ]
Obs step 4: [0.06988072395324707, 0.024983534589409828, 0.9975114464759827, 0.3370000123977661, 0.39500001072883606, 0.029999999329447746, 0.26711928844451904, 0.370016485452652, -0.9675114750862122, 0.9967734813690186, 0.02064327523112297, 0.0754677802324295, -0.01791856251657009, -0.062303055077791214, 0.026699254289269447, 0.07051891088485718, 0.0581384040415287, -0.15294693410396576, -0.03513561561703682, -0.9085472822189331]
Obs norm: [-0.7317313551902771, -0.755401611328125, 1.050219178199768, -0.06965791434049606, 0.8823676109313965, -0.10259472578763962, 0.6889010667800903, 0.9644579887390137, -1.0463844537734985, 0.8650341033935547, 0.8893648386001587, -0.6680665612220764, -0.9281249642372131, -0.7129043340682983, 0.9732747673988342, -0.8498057126998901, -0.5962812900543213, 0.6728366017341614, 0.1383378952741623, -2.1780447959899902]
Action: [ 0.7164352  -0.8098938  -0.56840646  0.7037289  -0.9358808  -0.8204473
 -0.6738582 ]
Obs step 5: [0.08411742001771927, 0.039180368185043335, 0.9948759078979492, 0.3370000123977661, 0.39500001072883606, 0.029999999329447746, 0.25288259983062744, 0.3558196425437927, -0.9648759365081787, 0.9949269890785217, 0.021120091900229454, 0.09832406789064407, -0.002576755126938224, -0.027397003024816513, -0.013520335778594017, 0.04297329857945442, 0.09243752062320709, -0.19878260791301727, -0.07581167668104172, -0.6719075441360474]
Obs norm: [-0.666165828704834, -0.6833751797676086, 1.0429085493087769, -0.06965791434049606, 0.8823676109313965, -0.10259472578763962, 0.6251113414764404, 0.8914307355880737, -1.0391484498977661, 0.8604403734207153, 0.8921928405761719, -0.5856841206550598, -0.885272204875946, -0.6374826431274414, 0.9108285307884216, -0.8974567651748657, -0.5067402720451355, 0.6201902031898499, -0.028340069577097893, -1.4111342430114746]
Action: [-0.6121046   0.18836033  0.3044306   0.6738131  -0.830053    0.8132485
 -0.92472374]
Obs step 6: [0.08302270621061325, 0.04784715548157692, 0.9925149083137512, 0.3370000123977661, 0.39500001072883606, 0.029999999329447746, 0.25397729873657227, 0.34715285897254944, -0.9625149369239807, 0.9926093220710754, 0.024656299501657486, 0.11711767315864563, 0.020055945962667465, -0.05721108987927437, -0.00427171029150486, 0.05808966979384422, 0.12565672397613525, -0.239802747964859, -0.03549034893512726, -0.9250302314758301]
Obs norm: [-0.6712073683738708, -0.6394050121307373, 1.0363593101501465, -0.06965791434049606, 0.8823676109313965, -0.10259472578763962, 0.6300163269042969, 0.8468495607376099, -1.0326660871505737, 0.8546744585037231, 0.913166344165802, -0.5179451107978821, -0.8220546245574951, -0.7019020915031433, 0.9251882433891296, -0.8713070154190063, -0.4200184941291809, 0.5730748176574707, 0.13688430190086365, -2.2314631938934326]
Action: [ 0.799623   -0.69251984 -0.41847217  0.13350415 -0.947491   -0.747288
  0.2960024 ]
Obs step 7: [0.09529618918895721, 0.06146964430809021, 0.9885128140449524, 0.3370000123977661, 0.39500001072883606, 0.029999999329447746, 0.2417038232088089, 0.33353036642074585, -0.9585128426551819, 0.9894754886627197, 0.024398386478424072, 0.1402234137058258, 0.026083245873451233, -0.01836356148123741, -0.03838520497083664, 0.03778120130300522, 0.13258840143680573, -0.28585731983184814, -0.07240069657564163, 0.28632569313049316]
Obs norm: [-0.614683210849762, -0.5702924728393555, 1.02525794506073, -0.06965791434049606, 0.8823676109313965, -0.10259472578763962, 0.5750231146812439, 0.7767767310142517, -1.02167809009552, 0.8468780517578125, 0.9116366505622864, -0.4346635341644287, -0.8052191734313965, -0.6179640293121338, 0.8722225427627563, -0.9064385890960693, -0.40192270278930664, 0.5201769471168518, -0.014362924732267857, 1.6943424940109253]
Action: [-0.70887756  0.51220345  0.84331656 -0.19618332 -0.9415421   0.9517107
 -0.99778926]
Obs step 8: [0.09812702983617783, 0.06805402785539627, 0.9838642477989197, 0.3370000123977661, 0.39500001072883606, 0.029999999329447746, 0.2388729751110077, 0.3269459903240204, -0.9538642764091492, 0.9856475591659546, 0.038110967725515366, 0.16191816329956055, 0.02879147045314312, -0.05360836535692215, -0.013341371901333332, 0.08020695298910141, 0.1225498840212822, -0.3330245614051819, -0.026161829009652138, -0.9882487058639526]
Obs norm: [-0.6016460657119751, -0.5368871688842773, 1.012363314628601, -0.06965791434049606, 0.8823676109313965, -0.10259472578763962, 0.5623390674591064, 0.7429072856903076, -1.0089150667190552, 0.837354838848114, 0.9929667711257935, -0.35646769404411316, -0.7976545691490173, -0.6941176652908325, 0.9111064076423645, -0.8330463767051697, -0.4281291663646698, 0.46600109338760376, 0.17510969936847687, -2.4363439083099365]
Action: [ 0.96231616 -0.4308166  -0.85364485  0.30475223 -0.9645879  -0.631786
  0.9176295 ]
Obs step 9: [0.08878093957901001, 0.0837174504995346, 0.9817261695861816, 0.3370000123977661, 0.39500001072883606, 0.029999999329447746, 0.2482190728187561, 0.31128257513046265, -0.9517261981964111, 0.9813106060028076, 0.018434055149555206, 0.1865893453359604, 0.04329143464565277, -0.006275472696870565, -0.03468181565403938, 0.03915645554661751, 0.13753361999988556, -0.3805508017539978, -0.05715037137269974, 0.9232560396194458]
Obs norm: [-0.6446884870529175, -0.45742014050483704, 1.0064325332641602, -0.06965791434049606, 0.8823676109313965, -0.10259472578763962, 0.604215681552887, 0.6623361110687256, -1.003044843673706, 0.8265652656555176, 0.876261830329895, -0.2675437331199646, -0.7571532726287842, -0.5918452739715576, 0.8779725432395935, -0.9040595293045044, -0.38901275396347046, 0.41141289472579956, 0.04812820628285408, 3.7585291862487793]
Action: [ 0.2984047   0.7657372   0.830907    0.5215653  -0.9653043  -0.21210575
 -0.9991475 ]
Obs step 10: [0.07407529652118683, 0.09628999978303909, 0.9774859547615051, 0.3370000123977661, 0.39500001072883606, 0.029999999329447746, 0.2629247307777405, 0.29871001839637756, -0.9474859833717346, 0.9759770631790161, 0.012391859665513039, 0.20935074985027313, 0.05905522033572197, 0.008595085702836514, 0.003026416292414069, 0.08053798228502274, 0.16346269845962524, -0.42864322662353516, -0.06782538443803787, -0.9941754937171936]
Obs norm: [-0.7124136686325073, -0.3936344087123871, 0.9946706295013428, -0.06965791434049606, 0.8823676109313965, -0.10259472578763962, 0.6701067090034485, 0.5976639986038208, -0.9914029836654663, 0.813296377658844, 0.8404251933097839, -0.1855032742023468, -0.7131219506263733, -0.5597143769264221, 0.9365195631980896, -0.8324736952781677, -0.321322500705719, 0.35617437958717346, 0.004385293927043676, -2.4555516242980957]
Action: [ 0.63141584 -0.40009838 -0.97687465 -0.26558042 -0.9471479  -0.418285
  0.9918287 ]
Obs step 11: [0.06355203688144684, 0.10742658376693726, 0.9745761156082153, 0.3370000123977661, 0.39500001072883606, 0.029999999329447746, 0.27344799041748047, 0.2875734269618988, -0.9445761442184448, 0.970931351184845, -0.008211907930672169, 0.23284579813480377, 0.054842282086610794, 0.03975779935717583, -0.01703464426100254, 0.03290309011936188, 0.14915193617343903, -0.47532951831817627, -0.0879993662238121, 1.0]
Obs norm: [-0.7608774304389954, -0.33713391423225403, 0.9865990281105042, -0.06965791434049606, 0.8823676109313965, -0.10259472578763962, 0.7172577977180481, 0.5403783917427063, -0.983413815498352, 0.800743579864502, 0.7182230353355408, -0.10081850737333298, -0.7248895168304443, -0.49238094687461853, 0.905372142791748, -0.9148772358894348, -0.3586820662021637, 0.30255094170570374, -0.0782814621925354, 4.007243633270264]
Action: [-0.84576344  0.931859    0.3109976   0.9175513  -0.98411417 -0.61228245
 -0.99680203]


SIMULATION : 

Setting goal at  [0.33745401 0.39507143 0.03      ]
obs_raw: [ 5.7264071e-02 -9.9992957e-03  1.0032253e+00  3.3745402e-01
  3.9507142e-01  2.9999999e-02  2.8018993e-01  4.0507072e-01
 -9.7322541e-01  1.0000000e+00 -5.1494721e-06  2.1386884e-04
 -7.2736166e-06 -1.2212796e-05 -2.0870374e-04  2.1903386e-04
 -2.5296829e-06 -1.1439922e-05  1.9278765e-07 -7.2326237e-01]
obs_normalized: [-0.78983593 -0.932884    1.0660689  -0.06350009  0.8839998  -0.10259473
  0.7474661   1.1447738  -1.0620725   0.8730611   0.7668978  -0.93930924
 -0.87809515 -0.5783122   0.9314966  -0.9714173  -0.74806356  0.8484969
  0.28231362 -1.5775667 ]
action: [-0.9413037  -0.66957796  0.8893671   0.83981013 -0.77090275 -0.82179934
 -0.9555905 ]
obs_raw: [ 5.8653060e-02 -9.2308810e-03  1.0030599e+00  3.3745402e-01
  3.9507142e-01  2.9915212e-02  2.7880096e-01  4.0430230e-01
 -9.7314465e-01  9.9999374e-01 -1.7766526e-03  1.6276479e-03
 -2.5803351e-03 -6.9535654e-03 -5.6809298e-04  4.0109982e-03
  5.4123108e-03 -4.6107112e-03 -5.2305385e-03 -7.4557030e-01]
obs_normalized: [-0.7834391  -0.9289855   1.0656099  -0.06350009  0.8839998  -0.10606221
  0.74124265  1.1408211  -1.0618508   0.8730455   0.7563909  -0.9342135
 -0.8852822  -0.5933104   0.9309386  -0.9648576  -0.7339276   0.8432142
  0.26087967 -1.6498631 ]
action: [-0.8999482  -0.750348    0.90996313  0.8527777  -0.79205567 -0.84779894
 -0.9440344 ]
obs_raw: [ 0.06306653 -0.00750218  1.0024865   0.33745402  0.39507142  0.02992097
  0.27438748  0.40257362 -0.9725655   0.9999231  -0.00602079  0.00619356
 -0.00889442 -0.02113129 -0.00102208  0.01403298  0.01601428 -0.01413282
 -0.01559822 -0.76462543]
obs_normalized: [-0.7631134  -0.9202151   1.0640194  -0.06350009  0.8839998  -0.10582675
  0.7214673   1.1319289  -1.0602605   0.8728698   0.7312187  -0.91775626
 -0.9029187  -0.6239443   0.9302337  -0.9475206  -0.7062502   0.83227724
  0.21839613 -1.7116176 ]
action: [-0.608072   -0.8157192   0.931926    0.8561778  -0.83983594 -0.8692827
 -0.94134986]
obs_raw: [ 0.07050682 -0.00497042  1.001388    0.33745402  0.39507142  0.02993852
  0.26694718  0.40004185 -0.9714495   0.9996747  -0.01240006  0.01392381
 -0.01740509 -0.03906515 -0.00131387  0.03069884  0.03106236 -0.02814766
 -0.03053288 -0.78159183]
obs_normalized: [-0.7288479  -0.9073704   1.0609722  -0.06350009  0.8839998  -0.10510904
  0.6881299   1.1189058  -1.0571966   0.87225175  0.69338286 -0.88989365
 -0.9266907  -0.6626941   0.9297807  -0.9186903  -0.6669658   0.81617993
  0.15719847 -1.766603  ]
action: [ 0.2963071  -0.84177035  0.9408202   0.8607588  -0.89630437 -0.85843337
 -0.9599652 ]
obs_raw: [ 0.08087367 -0.00136059  0.999589    0.33745402  0.39507142  0.02995032
  0.25658035  0.396432   -0.9696387   0.9991955  -0.02066964  0.02468566
 -0.02391055 -0.05162407 -0.00111283  0.05423094  0.04982857 -0.04626619
 -0.04936075 -0.79871035]
obs_normalized: [-0.68110454 -0.8890562   1.0559822  -0.06350009  0.8839998  -0.10462654
  0.6416797   1.100337   -1.052225    0.8710597   0.6443355  -0.85110396
 -0.94486177 -0.6898302   0.9300929  -0.8779822  -0.6179749   0.79536915
  0.08004767 -1.8220812 ]
action: [ 0.6967521  -0.8047119   0.9421301   0.8611642  -0.93802154 -0.76751345
 -0.95296764]
obs_raw: [ 0.0936982   0.00357288  0.99695164  0.33745402  0.39507142  0.02995699
  0.24375582  0.39149854 -0.96699464  0.99846566 -0.03076706  0.03775014
 -0.02635504 -0.05661682 -0.00103805  0.08302153  0.07186683 -0.06824822
 -0.07099508 -0.81350935]
obs_normalized: [-0.62204254 -0.86402667  1.0486664  -0.06350009  0.8839998  -0.10435384
  0.58421737  1.0749598  -1.0449655   0.8692439   0.5844471  -0.8040148
 -0.9516897  -0.700618    0.930209   -0.82817745 -0.560442    0.7701208
 -0.00860313 -1.8700424 ]
action: [ 0.7873734  -0.67865646  0.9282892   0.8342756  -0.9624138  -0.5412753
 -0.9395776 ]
obs_raw: [ 0.10844657  0.01005037  0.99335873  0.33745402  0.39507142  0.02996058
  0.22900744  0.38502106 -0.96339816  0.9974421  -0.04260406  0.05232868
 -0.02357581 -0.05375439 -0.00180534  0.11544681  0.09661565 -0.09376537
 -0.09361296 -0.82559973]
obs_normalized: [-0.5541206  -0.8311637   1.0387     -0.06350009  0.8839998  -0.10420674
  0.51813495  1.0416402  -1.035091    0.86669755  0.5142412  -0.75146836
 -0.94392675 -0.69443315  0.92901766 -0.772085   -0.4958329   0.740812
 -0.10128425 -1.9092253 ]
action: [ 0.7764298  -0.5025644   0.8978412   0.8252659  -0.9790715  -0.21300036
 -0.8927548 ]
obs_raw: [ 0.12470334  0.01817541  0.98868704  0.33745402  0.39507142  0.02996249
  0.21275067  0.37689602 -0.9587245   0.99600834 -0.05598111  0.06790754
 -0.01490039 -0.04422343 -0.00400504  0.15039235  0.12361895 -0.12246343
 -0.11451417 -0.8320311 ]
obs_normalized: [-0.4792518  -0.789942    1.0257412  -0.06350009  0.8839998  -0.10412851
  0.44529402  0.99984574 -1.0222591   0.86313057  0.4349011  -0.69531643
 -0.9196946  -0.67383957  0.9256023  -0.7116328  -0.42533827  0.7078497
 -0.18693097 -1.9300683 ]
action: [ 0.61979294  0.00375032  0.7415508   0.73946726 -0.9827538   0.07394338
 -0.8062361 ]
obs_raw: [ 1.4205909e-01  2.7889496e-02  9.8285842e-01  3.3745402e-01
  3.9507142e-01  2.9963506e-02  1.9539493e-01  3.6718193e-01
 -9.5289493e-01  9.9395818e-01 -7.0602395e-02  8.4035486e-02
 -6.6630228e-04 -3.0272428e-02 -8.3840666e-03  1.8637250e-01
  1.5210466e-01 -1.5399997e-01 -1.3194819e-01 -8.2954079e-01]
obs_normalized: [-0.39932182 -0.74065846  1.0095732  -0.06350009  0.8839998  -0.10408714
  0.36752892  0.94987726 -1.0062536   0.85803014  0.3481814  -0.63718545
 -0.879936   -0.6436956   0.9188033  -0.6493908  -0.35097373  0.6716271
 -0.2583702  -1.9219977 ]
action: [ 0.5001726   0.38243258  0.4203056   0.66983366 -0.9838448   0.25943255
 -0.70352215]
obs_raw: [ 0.15990157  0.03893951  0.9759893   0.33745402  0.39507142  0.02996404
  0.17755243  0.3561319  -0.94602525  0.99110305 -0.08607898  0.09990394
  0.01800852 -0.014159   -0.01623508  0.2203443   0.18132018 -0.18798517
 -0.14511892 -0.817431  ]
obs_normalized: [-0.3171502  -0.68459713  0.990519   -0.06350009  0.8839998  -0.10406528
  0.2875828   0.893037   -0.9873925   0.8509271   0.25638884 -0.5799897
 -0.82777345 -0.6088792   0.9066135  -0.5906231  -0.27470392  0.632592
 -0.31233978 -1.8827517 ]
action: [ 0.51181436  0.68965554  0.1060431   0.28804862 -0.9739578   0.09245861
 -0.6636688 ]
obs_raw: [ 0.17764102  0.05108338  0.9683284   0.33745402  0.39507142  0.02996432
  0.159813    0.34398806 -0.9383641   0.98737174 -0.10228176  0.11458523
  0.03880312  0.00356444 -0.02870678  0.24926986  0.20848708 -0.2239977
 -0.15578164 -0.8026564 ]
obs_normalized: [-0.23545313 -0.62298626  0.96926856 -0.06350009  0.8839998  -0.10405371
  0.20809853  0.83057016 -0.9663582   0.8416443   0.16028918 -0.52707297
 -0.76969004 -0.5705841   0.8872496  -0.5405848  -0.20378222  0.59122837
 -0.35603234 -1.8348699 ]
action: [ 0.5345123   0.8063867   0.18508339 -0.31173337 -0.9492978  -0.07602298
 -0.6687161 ]
obs_raw: [ 0.19544442  0.0641416   0.95978004  0.33745402  0.39507142  0.02996447
  0.1420096   0.33092982 -0.9298156   0.9827445  -0.11938331  0.12831533
  0.05912738  0.02289769 -0.04529691  0.27429265  0.22974557 -0.2616284
 -0.16545685 -0.7897845 ]
obs_normalized: [-0.15346153 -0.5567365   0.9455562  -0.06350009  0.8839998  -0.10404761
  0.12832762  0.7633997  -0.94288766  0.8301326   0.05885893 -0.47758463
 -0.71292037 -0.5288107   0.8614912  -0.4972979  -0.14828497  0.5480061
 -0.39567834 -1.793154  ]
action: [ 0.62557447  0.8271432   0.5387826  -0.6703319  -0.89411324  0.13244867
 -0.76909286]
obs_raw: [ 0.21304803  0.07807086  0.9500417   0.33745402  0.39507142  0.02996455
  0.12440599  0.31700057 -0.92007715  0.9771355  -0.13732825  0.14200917
  0.07861679  0.04433166 -0.06146566  0.30094874  0.24342111 -0.3001148
 -0.17285015 -0.7877821 ]
obs_normalized: [-0.07239006 -0.48606762  0.91854316 -0.06350009  0.8839998  -0.10404433
  0.04945189  0.6917489  -0.91615003  0.8161783  -0.0475736  -0.428227
 -0.6584826  -0.4824982   0.8363871  -0.4511856  -0.11258372  0.5038009
 -0.4259738  -1.7866645 ]
action: [ 0.63174415  0.6900543   0.84600496 -0.6600207  -0.8553189   0.628984
 -0.8524151 ]
obs_raw: [ 0.22913976  0.09281377  0.9392836   0.33745402  0.39507142  0.02996459
  0.10831425  0.30225766 -0.909319    0.9704664  -0.15590827  0.15555674
  0.09843634  0.06749478 -0.07524051  0.33028048  0.2504102  -0.33910742
 -0.17508101 -0.7939781 ]
obs_normalized: [ 1.7186591e-03 -4.1127074e-01  8.8870132e-01 -6.3500091e-02
  8.8399982e-01 -1.0404266e-01 -2.2649629e-02  6.1591274e-01
 -8.8661271e-01  7.9958677e-01 -1.5777279e-01 -3.7939662e-01
 -6.0312265e-01 -4.3244952e-01  8.1499982e-01 -4.0044469e-01
 -9.4338052e-02  4.5901439e-01 -4.3511522e-01 -1.8067448e+00]
action: [ 0.6705632  -0.00860232  0.9521872  -0.38774705 -0.902661    0.7885194
 -0.8923583 ]
obs_raw: [ 0.2436413   0.10845627  0.9274674   0.33745402  0.39507142  0.02996462
  0.09381271  0.28661516 -0.8975028   0.96247333 -0.1748755   0.16919953
  0.12014634  0.09226515 -0.08662774  0.36265105  0.25339887 -0.37871465
 -0.17171468 -0.8034162 ]
obs_normalized: [ 0.06850392 -0.3319099   0.8559244  -0.06350009  0.8839998  -0.10404175
 -0.08762605  0.5354492  -0.85417044  0.77970153 -0.27026853 -0.330223
 -0.5424823  -0.37892807  0.7973196  -0.3444469  -0.08653586  0.4135219
 -0.421321   -1.8373321 ]
action: [ 0.7000396 -0.7960266  0.9772574  0.3350575 -0.9416046  0.7711282
 -0.8793512]
obs_raw: [ 0.25618497  0.12514944  0.9146897   0.33745402  0.39507142  0.02996463
  0.08126903  0.269922   -0.8847251   0.9527876  -0.19364007  0.18274063
  0.1459629   0.11853287 -0.09602225  0.39798003  0.25813845 -0.4191233
 -0.1634318  -0.81070006]
obs_normalized: [ 0.12627238 -0.2472185   0.82048047 -0.06350009  0.8839998  -0.10404129
 -0.14382996  0.449581   -0.81908834  0.75560516 -0.3815623  -0.2814159
 -0.4703716  -0.32217127  0.7827334  -0.28333136 -0.07416274  0.36710888
 -0.3873803  -1.860938  ]
action: [ 0.54724073 -0.9550325   0.98491096  0.63123786 -0.9496113   0.72425294
 -0.79148656]
obs_raw: [ 0.2673344   0.14283462  0.9008922   0.33745402  0.39507142  0.02996464
  0.0701196   0.2522368  -0.8709276   0.94105303 -0.21176063  0.19618139
  0.17632207  0.14523685 -0.10689511  0.43395066  0.2667923  -0.46065742
 -0.15120739 -0.8088543 ]
obs_normalized: [ 0.17761989 -0.1574943   0.78220755 -0.06350009  0.8839998  -0.10404099
 -0.1937867   0.3586101  -0.78120625  0.72641176 -0.48903638 -0.23297049
 -0.3855724  -0.2644719   0.76585186 -0.22110586 -0.05157107  0.31940317
 -0.33728844 -1.854956  ]
action: [ 0.4149307  -0.9798339   0.9873538   0.17696512 -0.8412353   0.68504417
 -0.9038203 ]
obs_raw: [ 0.27870232  0.16115285  0.8854031   0.33745402  0.39507142  0.02996464
  0.05875171  0.23391858 -0.8554384   0.9269992  -0.22899178  0.21086428
  0.20921636  0.17123319 -0.12043229  0.47120282  0.2759948  -0.5025726
 -0.13587925 -0.8179732 ]
obs_normalized: [ 0.22997358 -0.06455832  0.73924243 -0.06350009  0.8839998  -0.10404091
 -0.24472234  0.26438275 -0.7386796   0.6914484  -0.5912354  -0.18004797
 -0.29369217 -0.20830145  0.7448336  -0.15666343 -0.02754707  0.27125978
 -0.27447847 -1.884509  ]
action: [ 0.40270996 -0.9907698   0.98313093 -0.6660582  -0.37157643  0.38491917
 -0.9623006 ]
obs_raw: [ 0.29131693  0.17949028  0.867785    0.33745402  0.39507142  0.02996464
  0.0461371   0.21558115 -0.83782035  0.9110897  -0.24505511  0.22794673
  0.24063216  0.19637154 -0.13659684  0.5100454   0.27985615 -0.5415904
 -0.11982545 -0.83184355]
obs_normalized: [ 0.28806877  0.02847504  0.69037163 -0.06350009  0.8839998  -0.10404083
 -0.30124405  0.17005667 -0.6903079   0.65186846 -0.68650794 -0.11847655
 -0.2059416  -0.1539849   0.719736   -0.08946972 -0.0174667   0.2264443
 -0.20869495 -1.9294605 ]
action: [ 0.42708468 -0.99291706  0.9718361  -0.9055888   0.57518876 -0.18746626
 -0.9393916 ]
obs_raw: [ 0.30598864  0.19718471  0.847946    0.33745402  0.39507142  0.02996464
  0.03146538  0.19788672 -0.81798136  0.89444023 -0.25876555  0.24817102
  0.26726064  0.2208912  -0.15528448  0.55053324  0.2773612  -0.57210153
 -0.10733197 -0.8421967 ]
obs_normalized: [ 0.35563773  0.11824619  0.63534033 -0.06350009  0.8839998  -0.10404076
 -0.366983    0.07903815 -0.6358385   0.6104475  -0.76782537 -0.0455808
 -0.131563   -0.10100518  0.6907209  -0.01942991 -0.02397994  0.19139948
 -0.1575005  -1.9630134 ]
action: [ 0.5040518  -0.9919891   0.95747936 -0.9712193   0.8131584  -0.36093765
 -0.87478787]
obs_raw: [ 0.3229286   0.21421209  0.82570803  0.33745402  0.39507142  0.02996464
  0.01452541  0.18085934 -0.79574335  0.8776481  -0.2698857   0.27175617
  0.28817362  0.24520624 -0.17668182  0.59230506  0.2685339  -0.59297806
 -0.09910591 -0.8453452 ]
obs_normalized: [ 0.4336529   0.20463312  0.5736546  -0.06350009  0.8839998  -0.10404076
 -0.44288513 -0.00854914 -0.57478243  0.5686718  -0.8337796   0.03942875
 -0.07314891 -0.04846755  0.6574987   0.05283109 -0.0470245   0.1674209
 -0.12379266 -1.9732171 ]
action: [ 0.38322306 -0.9841624   0.8969015  -0.9484525   0.73925614 -0.05596429
 -0.77651304]
obs_raw: [ 0.3419126   0.23070034  0.80075455  0.33745402  0.39507142  0.02996464
 -0.00445859  0.16437109 -0.7707899   0.8604838  -0.278687    0.2987771
  0.3043574   0.26859918 -0.20117602  0.6347489   0.25429296 -0.60523254
 -0.09243341 -0.83875096]
obs_normalized: [ 0.52108157  0.28828484  0.50443625 -0.06350009  0.8839998  -0.10404076
 -0.52794594 -0.09336321 -0.50627095  0.52597016 -0.88598067  0.13682209
 -0.02794437  0.00207769  0.6194683   0.12625456 -0.08420173  0.15334553
 -0.0964508  -1.9518464 ]
action: [ 0.12067533 -0.9631531   0.8337908  -0.1784553   0.05175245  0.48820424
 -0.4240378 ]
obs_raw: [ 0.36202654  0.2467053   0.7728844   0.33745402  0.39507142  0.02996464
 -0.02457255  0.14836614 -0.7429198   0.84184235 -0.2855722   0.32854897
  0.31906992  0.28896898 -0.22948843  0.6772605   0.24010307 -0.6144568
 -0.08333044 -0.79893035]
obs_normalized: [ 0.61371416  0.36948457  0.42712748 -0.06350009  0.8839998  -0.10404076
 -0.61806965 -0.17569122 -0.42975146  0.47959355 -0.9268172   0.2441308
  0.01315059  0.04609081  0.5755095   0.19979535 -0.12124577  0.14275065
 -0.05914966 -1.8227942 ]
action: [ 0.09007347 -0.93354255  0.52127504  0.6911657  -0.6738804   0.27695763
 -0.9125669 ]
obs_raw: [ 0.38178185  0.2625197   0.7424552   0.33745402  0.39507142  0.02996464
 -0.04432782  0.13255174 -0.71249056  0.82105064 -0.29118288  0.3589561
  0.33502066  0.30590042 -0.2629058   0.7177412   0.23204233 -0.62637436
 -0.07360013 -0.8098443 ]
obs_normalized: [ 0.70469505  0.44971755  0.34271994 -0.06350009  0.8839998  -0.10404076
 -0.70658624 -0.257039   -0.34620574  0.42786756 -0.96009445  0.35372925
  0.05770416  0.08267467  0.5236246   0.26982278 -0.14228907  0.1290622
 -0.01927783 -1.8581647 ]
action: [ 0.48035097 -0.8705871   0.14133704  0.86804795 -0.9101799  -0.1974107
 -0.96654236]
obs_raw: [ 0.39986944  0.27893552  0.7103187   0.33745402  0.39507142  0.02996464
 -0.06241543  0.11613591 -0.68035406  0.7984419  -0.296476    0.38769114
  0.35254514  0.32233405 -0.30283204  0.7525265   0.23037905 -0.64205694
 -0.06661254 -0.8248803 ]
obs_normalized: [ 0.78799546  0.53300184  0.25357667 -0.06350009  0.8839998  -0.10404076
 -0.78763056 -0.34148058 -0.2579726   0.37162107 -0.99148834  0.45730087
  0.1066535   0.11818288  0.46163383  0.32999787 -0.14663123  0.11104935
  0.00935515 -1.9068937 ]
action: [ 0.753687   -0.8757509   0.5082166   0.9315996  -0.97124577 -0.6039575
 -0.9582278 ]
obs_raw: [ 0.4155358   0.29666245  0.67623955  0.33745402  0.39507142  0.02996464
 -0.07808179  0.09840897 -0.6462749   0.77381444 -0.30200046  0.41436428
  0.37189943  0.339832   -0.34834254  0.7847304   0.23540772 -0.66191906
 -0.06459495 -0.8376707 ]
obs_normalized: [ 0.8601452   0.6229379   0.15904473 -0.06350009  0.8839998  -0.10404076
 -0.8578262  -0.43266636 -0.16440584  0.31035244 -1.0242542   0.55344063
  0.16071385  0.1559908   0.39097273  0.38570723 -0.13350339  0.0882359
  0.01762263 -1.9483453 ]
action: [ 0.89565206 -0.9157108   0.7733562   0.915362   -0.9870718  -0.7544089
 -0.93192524]
obs_raw: [ 0.42828456  0.31596863  0.6396184   0.33745402  0.39507142  0.02996464
 -0.09083056  0.07910279 -0.6096538   0.7467764  -0.30788347  0.43947136
  0.3929347   0.35921347 -0.39838132  0.81710064  0.2461938  -0.6856716
 -0.06792301 -0.8467125 ]
obs_normalized: [ 0.9188582   0.7208861   0.0574615  -0.06350009  0.8839998  -0.10404076
 -0.91494894 -0.53197557 -0.06385975  0.2430867  -1.0591466   0.6439358
  0.21946956  0.19786842  0.3132809   0.4417045  -0.10534536  0.06095392
  0.00398526 -1.9776485 ]
action: [ 0.9560225  -0.9239466   0.91158843  0.84246945 -0.9922353  -0.75952655
 -0.7558795 ]
obs_raw: [ 0.43739566  0.33630547  0.600416    0.33745402  0.39507142  0.02996464
 -0.09994164  0.05876595 -0.5704513   0.71723974 -0.3139661   0.46338344
  0.41505215  0.3803527  -0.4508958   0.85197604  0.2612742  -0.71288806
 -0.07606861 -0.83797824]
obs_normalized: [ 0.96081835  0.8240633  -0.05128182 -0.06350009  0.8839998  -0.10404076
 -0.9557726  -0.6365864   0.04377347  0.16960484 -1.0952231   0.73012364
  0.28124794  0.24354406  0.23174524  0.5020354  -0.0659766   0.02969337
 -0.0293929  -1.949342  ]
action: [ 0.9370644  -0.91547024  0.9564457   0.7355516  -0.9948899  -0.62053955
  0.04336023]
obs_raw: [ 0.44212177  0.35702592  0.55937624  0.33745402  0.39507142  0.02996464
 -0.10466775  0.0380455  -0.5294116   0.6853839  -0.31997287  0.48590258
  0.43790972  0.4031831  -0.5043927   0.8897329   0.27931905 -0.7431563
 -0.0875717  -0.7533036 ]
obs_normalized: [ 0.98258394  0.92918676 -0.16512181 -0.06350009  0.8839998  -0.10404076
 -0.9769487  -0.74317056  0.156451    0.09035333 -1.1308496   0.8112909
  0.34509367  0.2928738   0.14868422  0.56735086 -0.01886884 -0.00507247
 -0.07652903 -1.6749254 ]
action: [ 0.21245217 -0.9498293   0.9762994   0.34488106 -0.9948341  -0.54218686
  0.6649792 ]
obs_raw: [ 0.44210795  0.3776173   0.51716834  0.33745402  0.39507142  0.02996464
 -0.10465393  0.01745412 -0.48720372  0.65146255 -0.326114    0.5068302
  0.4608355   0.4277748  -0.5582854   0.9296934   0.2976367  -0.776065
 -0.10132323 -0.6170315 ]
obs_normalized: [ 0.9825202   1.0336553  -0.2822021  -0.06350009  0.8839998  -0.10404076
 -0.97688675 -0.8490907   0.2723359   0.00596313 -1.167273    0.8867218
  0.40912986  0.34600917  0.06500863  0.6364785   0.02895105 -0.04287107
 -0.13287856 -1.23329   ]
action: [-0.9455969  -0.9780157   0.96477926 -0.65825444 -0.9598281  -0.44064546
  0.46925282]
obs_raw: [ 0.43790832  0.3967628   0.47372335  0.33745402  0.39507142  0.02996464
 -0.10045431 -0.00169137 -0.4437587   0.61595017 -0.3337308   0.5265578
  0.48162857  0.45102254 -0.61228645  0.97099537  0.3097514  -0.81186515
 -0.11620907 -0.5126844 ]
obs_normalized: [ 0.96317935  1.1307883  -0.40271392 -0.06350009  0.8839998  -0.10404076
 -0.9580697  -0.9475734   0.39161742 -0.08238526 -1.2124486   0.95782727
  0.46720904  0.39624068 -0.01883513  0.7079267   0.0605776  -0.0839908
 -0.19387612 -0.8951181 ]
action: [-0.9947424  -0.96446705  0.9166651  -0.92999226 -0.7680158   0.09661067
  0.4169358 ]
obs_raw: [ 0.4311044   0.41246384  0.42920035  0.33745402  0.39507142  0.02996464
 -0.09365038 -0.01739241 -0.3992357   0.5791119  -0.3414366   0.54641354
  0.49948248  0.47051892 -0.6663235   1.0131297   0.3144556  -0.8485266
 -0.12832703 -0.42339507]
obs_normalized: [ 0.9318446   1.2104462  -0.52621603 -0.06350009  0.8839998  -0.10404076
 -0.92758363 -1.0283381   0.5138586  -0.17403224 -1.2581522   1.0293946
  0.5170786   0.43836662 -0.10273478  0.78081477  0.07285836 -0.12609981
 -0.2435318  -0.60574603]
action: [-0.99776417 -0.9172108   0.8766048  -0.89556104 -0.23692429  0.66087353
 -0.2892549 ]
obs_raw: [ 0.42245007  0.42437777  0.38375854  0.33745402  0.39507142  0.02996464
 -0.08499606 -0.02930635 -0.35379392  0.54052436 -0.3475719   0.5677547
  0.51447237  0.486607   -0.72051775  1.0555459   0.31201068 -0.8819852
 -0.134462   -0.41052523]
obs_normalized: [ 0.89198804  1.2708905  -0.65226686 -0.06350009  0.8839998  -0.10404076
 -0.8888066  -1.0896224   0.63862234 -0.27003098 -1.2945411   1.106316
  0.5589483   0.47312817 -0.18687856  0.8541905   0.06647567 -0.16453004
 -0.268671   -0.564037  ]
action: [-0.9976696  -0.90718484  0.89163554 -0.8142605   0.03838122  0.7600273
 -0.5536489 ]
obs_raw: [ 0.41230392  0.43245468  0.33770344  0.33745402  0.39507142  0.02996464
 -0.07484992 -0.03738324 -0.30773878  0.5000497  -0.3509438   0.5911248
  0.52665     0.4995869  -0.7749654   1.0981497   0.30399323 -0.9104738
 -0.13456042 -0.4243019 ]
obs_normalized: [ 0.8452611   1.311868   -0.78001887 -0.06350009  0.8839998  -0.10404076
 -0.8433452  -1.1311691   0.76507014 -0.3707246  -1.31454     1.1905503
  0.59296286  0.501174   -0.27141577  0.9278906   0.04554537 -0.19725183
 -0.26907432 -0.6086849 ]
action: [-0.9953685  -0.93270904  0.95658064 -0.7713384   0.4147631   0.4732132
 -0.19069028]
obs_raw: [ 0.40089512  0.4366679   0.29121712  0.33745402  0.39507142  0.02996464
 -0.06344111 -0.04159646 -0.26125246  0.45816177 -0.351269    0.616586
  0.5352752   0.5096882  -0.8296069   1.1413035   0.29171997 -0.93215805
 -0.13095903 -0.4018933 ]
obs_normalized: [ 0.7927191   1.3332434  -0.908967   -0.06350009  0.8839998  -0.10404076
 -0.7922263  -1.1528416   0.89270175 -0.47493416 -1.3164688   1.2823219
  0.61705476  0.5229999  -0.3562539   1.0025424   0.01350492 -0.22215813
 -0.25431693 -0.5360623 ]
action: [-0.9882084  -0.95771724  0.9805522  -0.689435    0.7254038  -0.27855426
  0.30376625]
obs_raw: [ 0.3882966   0.43698516  0.24446234  0.33745402  0.39507142  0.02996464
 -0.0508426  -0.04191373 -0.21449769  0.4163657  -0.3498314   0.6433119
  0.53889453  0.5170018  -0.8844538   1.1852492   0.27630267 -0.9461086
 -0.12978968 -0.33413017]
obs_normalized: [ 0.734698    1.334853   -1.0386599  -0.06350009  0.8839998  -0.10404076
 -0.7357767  -1.1544735   1.0210704  -0.5789152  -1.3079423   1.3786519
  0.62716424  0.5388024  -0.44141096  1.0785639  -0.02674338 -0.23818158
 -0.2495253  -0.31645316]
action: [-0.97386724 -0.9705672   0.98692703 -0.18768221  0.8196657  -0.8877111
  0.8506727 ]
obs_raw: [ 0.3746835   0.43348363  0.19801584  0.33745402  0.39507142  0.02996464
 -0.03722949 -0.0384122  -0.1680512   0.37592912 -0.3467459   0.670521
  0.53744406  0.5214187  -0.9397597   1.2300485   0.26146406 -0.9523694
 -0.13439557 -0.22032306]
obs_normalized: [ 0.67200434  1.3170884  -1.1674976  -0.06350009  0.8839998  -0.10404076
 -0.674781   -1.136462    1.1485927  -0.6795141  -1.2896421   1.4767234
  0.62311274  0.548346   -0.5272807   1.1560622  -0.06548093 -0.24537268
 -0.2683988   0.05237701]
action: [-0.9740795  -0.978405    0.9788451   0.6651802   0.77049184 -0.9668036
  0.97441757]
obs_raw: [ 0.36036503  0.4264882   0.15282862  0.33745402  0.39507142  0.02996464
 -0.02291101 -0.03141676 -0.12286398  0.33765045 -0.34064922  0.6976492
  0.53219914  0.52265996 -0.9959529   1.2755761   0.25266063 -0.9521409
 -0.14499053 -0.1055422 ]
obs_normalized: [ 0.60606223  1.2815976  -1.2928421  -0.06350009  0.8839998  -0.10404076
 -0.61062485 -1.100478    1.2726575  -0.7747445  -1.2534822   1.5745033
  0.6084627   0.551028   -0.6145281   1.2348202  -0.08846309 -0.24511027
 -0.3118137   0.42436293]
action: [-0.9443414  -0.98603517  0.89658415  0.8892281   0.3263514  -0.9845992
  0.98614097]
obs_raw: [ 3.4525907e-01  4.1647032e-01  1.0973019e-01  3.3745402e-01
  3.9507142e-01  2.9964641e-02 -7.8050713e-03 -2.1398894e-02
 -7.9765551e-02  3.0154952e-01 -3.3114916e-01  7.2391355e-01
  5.2474499e-01  5.2043676e-01 -1.0534300e+00  1.3210393e+00
  2.5090373e-01 -9.4909948e-01 -1.6092499e-01 -6.4479810e-04]
obs_normalized: [ 0.53649336  1.2307727  -1.4123927  -0.06350009  0.8839998  -0.10404076
 -0.5429403  -1.0489471   1.3909874  -0.864557   -1.1971369   1.6691697
  0.5876418   0.54622436 -0.70376885  1.313467   -0.09304965 -0.2416169
 -0.3771082   0.76431817]
action: [-0.50404644 -0.99279785 -0.25203145  0.96542287 -0.45218158 -0.9878153
  0.9762931 ]
success detected at step 39
INFO:logger:--------Reset: Success--------
obs_raw: [ 0.3305424   0.40564185  0.07321483  0.33761543  0.39496556  0.02987726
  0.00707304 -0.01067629 -0.04333757  0.27086934 -0.31923088  0.7445094
  0.52002615  0.51305807 -1.108681    1.3565906   0.26261145 -0.95830154
 -0.1837491   0.09372112]
obs_normalized: [ 0.4687173   1.1758355  -1.5136825  -0.06131086  0.88158005 -0.10761427
 -0.47627667 -0.99379104  1.4910032  -0.94088376 -1.1264489   1.7434047
  0.5744611   0.5302811  -0.78955334  1.3749671  -0.06248556 -0.2521863
 -0.47063434  1.0701426 ]
Episode ended at step 39Obs step 0: [0.05673810839653015, -0.010031186044216156, 1.003269076347351, 0.3370000123977661, 0.39500001072883606, 0.029999999329447746, 0.28026190400123596, 0.4050312042236328, -0.9732691049575806, 0.9999999403953552, -0.0001749881193973124, -7.939879287732765e-05, 0.0002471940533723682, -0.00030892668291926384, 0.0003432814555708319, -7.456851108145202e-06, 0.00038456046604551375, 0.00015153386630117893, 0.00041784998029470444, -0.9997093677520752]
Obs norm: [-0.7922582030296326, -0.9330457448959351, 1.066190242767334, -0.06965791434049606, 0.8823676109313965, -0.10259472578763962, 0.7477886080741882, 1.1445704698562622, -1.062192440032959, 0.873060941696167, 0.7658904790878296, -0.9403663277626038, -0.87738436460495, -0.5789533257484436, 0.932353675365448, -0.9718090891838074, -0.7470530271530151, 0.8486841320991516, 0.28402504324913025, -2.4734861850738525]
Action: [-0.79250443 -0.8059557   0.7594613   0.74238276 -0.8449517  -0.89811087
 -0.38017493]
Obs step 1: [0.10454602539539337, -0.0022169440053403378, 0.9970190525054932, 0.3370000123977661, 0.39500001072883606, 0.029999999329447746, 0.23245398700237274, 0.39721694588661194, -0.9670190811157227, 0.998829185962677, 0.03823278099298477, 0.020050346851348877, -0.02182772010564804, -0.039200667291879654, -0.03942010924220085, 0.03796149790287018, 0.03747653588652611, -0.041430264711380005, -0.04382391273975372, -0.3867001533508301]
Obs norm: [-0.5720841288566589, -0.8934008479118347, 1.0488533973693848, -0.06965791434049606, 0.8823676109313965, -0.10259472578763962, 0.5335777997970581, 1.104374647140503, -1.0450326204299927, 0.8701483011245728, 0.993689239025116, -0.8678113222122192, -0.9390439987182617, -0.6629868745803833, 0.8706157207489014, -0.9061266779899597, -0.6502209901809692, 0.8009236454963684, 0.10273592919111252, -0.4868238568305969]
Action: [-0.85655     0.52787673  0.9176867   0.5063827  -0.714691    0.71188724
 -0.9891593 ]
Obs step 2: [0.1061585545539856, 0.002672865055501461, 0.9949092864990234, 0.3370000123977661, 0.39500001072883606, 0.029999999329447746, 0.23084145784378052, 0.3923271596431732, -0.9649093151092529, 0.9981304407119751, 0.04843975603580475, 0.03484179079532623, -0.013238743878901005, -0.08152148872613907, -0.013331783935427666, 0.08340301364660263, 0.060568537563085556, -0.0761919692158699, -0.009254484437406063, -0.981503427028656]
Obs norm: [-0.5646577477455139, -0.8685928583145142, 1.0430010557174683, -0.06965791434049606, 0.8823676109313965, -0.10259472578763962, 0.52635258436203, 1.0792220830917358, -1.0392400026321411, 0.8684099912643433, 1.054227352142334, -0.8144975304603577, -0.9150532484054565, -0.7544296979904175, 0.9111213088035583, -0.8275175094604492, -0.5899372100830078, 0.7609966397285461, 0.24439078569412231, -2.4144835472106934]
Action: [ 0.75149393  0.40202725  0.11398757 -0.26452374 -0.7642136  -0.61464703
 -0.78581077]
Obs step 3: [0.0938333198428154, 0.015197183936834335, 0.9955024719238281, 0.3370000123977661, 0.39500001072883606, 0.029999999329447746, 0.24316668510437012, 0.3798028230667114, -0.9655025005340576, 0.997518002986908, 0.0399773083627224, 0.055714577436447144, -0.01598486490547657, -0.04435601457953453, 0.006717291194945574, 0.08928406983613968, 0.04734141752123833, -0.11375000327825546, -0.0397290363907814, -0.7805547714233398]
Obs norm: [-0.6214202642440796, -0.8050518035888672, 1.0446465015411377, -0.06965791434049606, 0.8823676109313965, -0.10259472578763962, 0.581577718257904, 1.0147980451583862, -1.0408686399459839, 0.86688631772995, 1.0040360689163208, -0.7392643690109253, -0.9227237105369568, -0.6741260886192322, 0.94225013256073, -0.8173438906669617, -0.6244677901268005, 0.717857837677002, 0.11951547116041183, -1.7632420063018799]
Action: [-0.3873642   0.40906763 -0.3763585   0.23683572 -0.79646146  0.08506143
 -0.904364  ]
Obs step 4: [0.06995327770709991, 0.024950820952653885, 0.9974839091300964, 0.3370000123977661, 0.39500001072883606, 0.029999999329447746, 0.2670467495918274, 0.3700491786003113, -0.9674839377403259, 0.9967097043991089, 0.02075929380953312, 0.07603177428245544, -0.018919089809060097, -0.06386153399944305, 0.026920564472675323, 0.07096924632787704, 0.058511778712272644, -0.15410861372947693, -0.036004338413476944, -0.9122116565704346]
Obs norm: [-0.7313972115516663, -0.7555675506591797, 1.050142765045166, -0.06965791434049606, 0.8823676109313965, -0.10259472578763962, 0.6885760426521301, 0.9646261930465698, -1.0463088750839233, 0.8648754358291626, 0.8900529742240906, -0.6660337448120117, -0.9309195876121521, -0.7162717580795288, 0.9736183881759644, -0.8490266799926758, -0.5953065752983093, 0.6715023517608643, 0.13477812707424164, -2.189920425415039]
Action: [ 0.7429979  -0.8054737  -0.5717258   0.7013366  -0.9362547  -0.817834
 -0.66782653]
Obs step 5: [0.08346455544233322, 0.03960613161325455, 0.9948662519454956, 0.3370000123977661, 0.39500001072883606, 0.029999999329447746, 0.2535354495048523, 0.3553938865661621, -0.9648662805557251, 0.9948589205741882, 0.020716877654194832, 0.09911405295133591, -0.00172567053232342, -0.02719247154891491, -0.01263723149895668, 0.043107256293296814, 0.09269638359546661, -0.20039168000221252, -0.0748678520321846, -0.665292501449585]
Obs norm: [-0.6691725254058838, -0.6812151074409485, 1.042881727218628, -0.06965791434049606, 0.8823676109313965, -0.10259472578763962, 0.6280365586280823, 0.8892406821250916, -1.0391218662261963, 0.8602710366249084, 0.8898013830184937, -0.5828367471694946, -0.8828949928283691, -0.6370407342910767, 0.9121996760368347, -0.8972250819206238, -0.5060644745826721, 0.6183420419692993, -0.024472566321492195, -1.3896958827972412]
Action: [-0.6197551   0.10884964  0.30086398  0.69247246 -0.8376659   0.78151083
 -0.92704666]
