Obs step 0: [0.05708872154355049, -0.010116561315953732, 1.0032389163970947, 0.3370000123977661, 0.39500001072883606, 0.029999999329447746, 0.2799112796783447, 0.40511655807495117, -0.9732389450073242, 1.0, 9.451872028876096e-05, -0.00017020398809108883, -0.0001223561557708308, -0.0004207794554531574, -6.391586794052273e-06, 0.00018748654110822827, -0.0001704423048067838, 0.0003403519804123789, 0.0003328951424919069, 0.7341656684875488]
Obs step 1: [0.08612479269504547, 0.0006723236292600632, 0.9991276264190674, 0.3370000123977661, 0.39500001072883606, 0.029999999329447746, 0.25087523460388184, 0.39432770013809204, -0.9691276550292969, 0.999403178691864, 0.02746344916522503, 0.019409889355301857, -0.007891620509326458, 0.025232918560504913, -0.008109858259558678, 0.047990161925554276, -0.003221359569579363, -0.03695881739258766, -0.0388597808778286, -0.9929640889167786]
Obs step 2: [0.0648588165640831, 0.006427450105547905, 1.0007377862930298, 0.3370000123977661, 0.39500001072883606, 0.029999999329447746, 0.2721411883831024, 0.3885725736618042, -0.9707378149032593, 0.9992448687553406, 0.014383516274392605, 0.035517510026693344, -0.006428548600524664, -0.021859226748347282, 0.021019265055656433, 0.05007648468017578, 0.018560634925961494, -0.07149095833301544, -0.010597250424325466, -0.3060244917869568]
Obs step 3: [0.1139271929860115, 0.015689872205257416, 0.9926999807357788, 0.3370000123977661, 0.39500001072883606, 0.029999999329447746, 0.2230728268623352, 0.37931013107299805, -0.9627000093460083, 0.9969906210899353, 0.052974700927734375, 0.056045640259981155, -0.00789242796599865, -0.0431879498064518, -0.02111247554421425, 0.0884808599948883, 0.06101221963763237, -0.11587733030319214, -0.04000653699040413, -0.9891973733901978]
Obs step 4: [0.07433338463306427, 0.02486162632703781, 0.9972522854804993, 0.3370000123977661, 0.39500001072883606, 0.029999999329447746, 0.26266664266586304, 0.37013837695121765, -0.9672523140907288, 0.9969961047172546, 0.02342587523162365, 0.07371170818805695, -0.004064928274601698, -0.052736978977918625, 0.019160112366080284, 0.06895855814218521, 0.06512174755334854, -0.1499657928943634, -0.024275245144963264, -0.5180152654647827]
Obs step 5: [0.10828053951263428, 0.03700747713446617, 0.9908660650253296, 0.3370000123977661, 0.39500001072883606, 0.029999999329447746, 0.22871947288513184, 0.3579925298690796, -0.9608660936355591, 0.9944278001785278, 0.04462328180670738, 0.09543448686599731, 0.0037924081552773714, -0.042756516486406326, -0.02273860201239586, 0.07988311350345612, 0.10681486129760742, -0.19609707593917847, -0.06644213944673538, -0.9793573021888733]
Obs step 6: [0.06808680295944214, 0.04885473474860191, 0.9941087961196899, 0.3370000123977661, 0.39500001072883606, 0.029999999329447746, 0.268913209438324, 0.34614527225494385, -0.9641088247299194, 0.9926512241363525, 0.01526584755629301, 0.11573559045791626, 0.03187107667326927, -0.021688783541321754, 0.01606445387005806, 0.05962098762392998, 0.10532429069280624, -0.2346244901418686, -0.02455274760723114, 0.14871644973754883]
Obs step 7: [0.07384839653968811, 0.05920702591538429, 0.9903833866119385, 0.3370000123977661, 0.39500001072883606, 0.029999999329447746, 0.263151615858078, 0.33579298853874207, -0.960383415222168, 0.9895775318145752, 0.020478669553995132, 0.13813471794128418, 0.03515235334634781, -0.043294478207826614, 0.013553093187510967, 0.07138283550739288, 0.132155641913414, -0.28205111622810364, -0.02604731358587742, -0.9893205761909485]
Obs step 8: [0.08294497430324554, 0.07288739085197449, 0.9868214130401611, 0.3370000123977661, 0.39500001072883606, 0.029999999329447746, 0.2540550231933594, 0.3221126198768616, -0.9568214416503906, 0.9860562682151794, 0.01322659756988287, 0.1619618982076645, 0.035866543650627136, -0.000910268456209451, -0.029447104781866074, 0.031503330916166306, 0.13508884608745575, -0.32921838760375977, -0.0714653953909874, 0.844942569732666]
Obs step 9: [0.07943160086870193, 0.08382496237754822, 0.9820150136947632, 0.3370000123977661, 0.39500001072883606, 0.029999999329447746, 0.2575684189796448, 0.31117504835128784, -0.9520150423049927, 0.9814862608909607, 0.0183316171169281, 0.18473488092422485, 0.047134898602962494, 0.0016772588714957237, -0.00018961707246489823, 0.07643885165452957, 0.1421978920698166, -0.37688523530960083, -0.06235525384545326, -0.9946544766426086]
Obs step 10: [0.06663113087415695, 0.09545601159334183, 0.9799227118492126, 0.3370000123977661, 0.39500001072883606, 0.029999999329447746, 0.27036887407302856, 0.29954400658607483, -0.9499227404594421, 0.9769799709320068, -0.003050031838938594, 0.20831263065338135, 0.045898113399744034, 0.03184661269187927, -0.016651680693030357, 0.029858030378818512, 0.13306936621665955, -0.42352038621902466, -0.08096755295991898, 0.9881206750869751]
Obs step 11: [0.04443668574094772, 0.10517808049917221, 0.9760620594024658, 0.3370000123977661, 0.39500001072883606, 0.029999999329447746, 0.2925633192062378, 0.28982192277908325, -0.9460620880126953, 0.9721114635467529, -0.017779409885406494, 0.2309170663356781, 0.03688549995422363, 0.0018524948973208666, 0.02586941421031952, 0.05729631334543228, 0.17418192327022552, -0.47193771600723267, -0.10763218998908997, -0.9965611100196838]
Obs step 12: [0.014963217079639435, 0.11661481857299805, 0.9724723696708679, 0.3370000123977661, 0.39500001072883606, 0.029999999329447746, 0.3220368027687073, 0.278385192155838, -0.9424723982810974, 0.9643630981445312, -0.05112569034099579, 0.25399643182754517, 0.05362683907151222, 0.0043960800394415855, 0.025239842012524605, 0.0089966906234622, 0.22235184907913208, -0.5202666521072388, -0.11142772436141968, 1.0]
Obs step 13: [-0.019152984023094177, 0.12839993834495544, 0.9658220410346985, 0.3370000123977661, 0.39500001072883606, 0.029999999329447746, 0.3561530113220215, 0.2666000723838806, -0.935822069644928, 0.9567895531654358, -0.07999999821186066, 0.27811887860298157, 0.028348810970783234, -0.0441616028547287, 0.07403215020895004, 0.017665013670921326, 0.271675705909729, -0.5698573589324951, -0.1523626446723938, -0.9872767925262451]
Obs step 14: [-0.07677046209573746, 0.14514532685279846, 0.9541214108467102, 0.3370000123977661, 0.39500001072883606, 0.029999999329447746, 0.413770467042923, 0.2498546838760376, -0.9241214394569397, 0.9423472285270691, -0.12658251821994781, 0.30894410610198975, 0.022630376741290092, -0.09323247522115707, 0.12303191423416138, -0.0299626924097538, 0.32115140557289124, -0.618962824344635, -0.13305792212486267, 1.0]
Obs step 15: [-0.10099425911903381, 0.16111551225185394, 0.9421070218086243, 0.3370000123977661, 0.39500001072883606, 0.029999999329447746, 0.4379942715167999, 0.23388449847698212, -0.9121070504188538, 0.930147111415863, -0.15380069613456726, 0.3334205448627472, -0.0015623692888766527, -0.13157346844673157, 0.15501008927822113, -0.028562935069203377, 0.3706268072128296, -0.6688491702079773, -0.18212293088436127, -0.879999041557312]
Obs step 0: [0.056853003799915314, -0.009895989671349525, 1.0032598972320557, 0.3499999940395355, 0.3499999940395355, 0.029999999329447746, 0.2931469976902008, 0.3598959743976593, -0.9732599258422852, 0.00013395700079854578, 0.00022503710351884365, 4.394215648062527e-05, 0.0001073253879440017, -0.00038456046604551375, 0.00015526228526141495, -1.0]
Obs step 1: [0.15344685316085815, 0.013652371242642403, 0.9873985648155212, 0.3499999940395355, 0.3499999940395355, 0.029999999329447746, 0.19655314087867737, 0.3363476097583771, -0.9573985934257507, -0.006131662055850029, -0.09551800042390823, 0.05619829148054123, 0.09773427993059158, -0.08147461712360382, -0.07409500330686569, 0.7683219909667969]
Obs step 2: [0.12021476030349731, 0.04149337857961655, 0.9872925281524658, 0.3499999940395355, 0.3499999940395355, 0.029999999329447746, 0.2297852337360382, 0.3085066080093384, -0.9572925567626953, 0.05790244787931442, -0.0020005665719509125, 0.14654630422592163, 0.12537948787212372, -0.1608400195837021, -0.15763676166534424, -0.9879162311553955]
Obs step 3: [0.20643384754657745, 0.06201046332716942, 0.9614415168762207, 0.3499999940395355, 0.3499999940395355, 0.029999999329447746, 0.14356614649295807, 0.2879895269870758, -0.9314415454864502, 0.09636754542589188, -0.07183397561311722, 0.24163579940795898, 0.22318407893180847, -0.1721067875623703, -0.19173641502857208, 0.8507810831069946]
Obs step 4: [0.16522228717803955, 0.09284807741641998, 0.9590164422988892, 0.3499999940395355, 0.3499999940395355, 0.029999999329447746, 0.18477770686149597, 0.25715190172195435, -0.9290164709091187, 0.18598265945911407, 0.025726934894919395, 0.33992162346839905, 0.21511682868003845, -0.2577684223651886, -0.27793389558792114, -0.9876115918159485]
Obs step 5: [0.19970554113388062, 0.10438211262226105, 0.9381961822509766, 0.3499999940395355, 0.3499999940395355, 0.029999999329447746, 0.1502944529056549, 0.24561788141727448, -0.908196210861206, 0.11121387034654617, 0.020193684846162796, 0.43442946672439575, 0.3110867738723755, -0.3377261161804199, -0.36142823100090027, 0.9810452461242676]
Obs step 6: [0.15713876485824585, 0.13446471095085144, 0.9279190301895142, 0.3499999940395355, 0.3499999940395355, 0.029999999329447746, 0.19286122918128967, 0.21553528308868408, -0.8979190587997437, 0.20507405698299408, 0.11639638245105743, 0.5327541828155518, 0.24778130650520325, -0.43337035179138184, -0.3836911916732788, -0.9893019795417786]
Obs step 7: [0.25220537185668945, 0.1389208734035492, 0.8870007991790771, 0.3499999940395355, 0.3499999940395355, 0.029999999329447746, 0.09779462218284607, 0.21107912063598633, -0.8570008277893066, 0.10795922577381134, 0.019454658031463623, 0.6100838780403137, 0.29676109552383423, -0.48250940442085266, -0.47600701451301575, 1.0]
Obs step 8: [0.20022259652614594, 0.17405658960342407, 0.8783079385757446, 0.3499999940395355, 0.3499999940395355, 0.029999999329447746, 0.1497773975133896, 0.17594340443611145, -0.8483079671859741, 0.2050522118806839, 0.10682711005210876, 0.7075614333152771, 0.3184991478919983, -0.5772364139556885, -0.5287078022956848, -0.9876744151115417]
Obs step 9: [0.281484454870224, 0.1852395385503769, 0.8258472084999084, 0.3499999940395355, 0.3499999940395355, 0.029999999329447746, 0.06851553916931152, 0.16476045548915863, -0.7958472371101379, 0.14268311858177185, 0.011224957183003426, 0.7848620414733887, 0.32179853320121765, -0.6521527767181396, -0.6200137138366699, 1.0]
Obs step 10: [0.28119319677352905, 0.23306570947170258, 0.7859737873077393, 0.3499999940395355, 0.3499999940395355, 0.029999999329447746, 0.06880679726600647, 0.11693428456783295, -0.7559738159179688, 0.23978835344314575, -0.015308382920920849, 0.8842650651931763, 0.3668946325778961, -0.7478672862052917, -0.6392657160758972, -0.9580380320549011]
Obs step 11: [0.30074289441108704, 0.28360769152641296, 0.7251362800598145, 0.3499999940395355, 0.3499999940395355, 0.029999999329447746, 0.049257099628448486, 0.06639230251312256, -0.695136308670044, 0.3221130669116974, -0.10349629819393158, 0.9817184209823608, 0.41302672028541565, -0.8446289896965027, -0.7361275553703308, 1.0]
Obs step 12: [0.30271559953689575, 0.33345720171928406, 0.6636466979980469, 0.3499999940395355, 0.3499999940395355, 0.029999999329447746, 0.04728439450263977, 0.016542792320251465, -0.6336467266082764, 0.4104088246822357, -0.19448693096637726, 1.0815938711166382, 0.473373144865036, -0.9407871961593628, -0.7439354062080383, -0.7518322467803955]
Obs step 13: [0.33332857489585876, 0.34442779421806335, 0.5912665724754333, 0.3499999940395355, 0.3499999940395355, 0.029999999329447746, 0.016671419143676758, 0.005572199821472168, -0.5612666010856628, 0.38010790944099426, -0.2875622808933258, 1.1788181066513062, 0.4743236303329468, -1.0385699272155762, -0.8366986513137817, 1.0]
Obs step 14: [0.34619855880737305, 0.3581056594848633, 0.5232123136520386, 0.3499999940395355, 0.3499999940395355, 0.029999999329447746, 0.0038014352321624756, -0.008105665445327759, -0.4932123124599457, 0.38208213448524475, -0.38527151942253113, 1.278498649597168, 0.5054863691329956, -1.126002550125122, -0.9215128421783447, -0.858700692653656]
Obs step 15: [0.3617297112941742, 0.3505990505218506, 0.4581887423992157, 0.3499999940395355, 0.3499999940395355, 0.029999999329447746, -0.011729717254638672, -0.0005990564823150635, -0.4281887412071228, 0.33659398555755615, -0.48016154766082764, 1.3603266477584839, 0.4965871274471283, -1.2237187623977661, -1.009271502494812, 1.0]
Obs step 16: [0.3910413384437561, 0.32274916768074036, 0.3643549978733063, 0.3499999940395355, 0.3499999940395355, 0.029999999329447746, -0.04104134440422058, 0.027250826358795166, -0.3343549966812134, 0.2507787048816681, -0.5779432654380798, 1.457877278327942, 0.40964582562446594, -1.2258753776550293, -1.0974407196044922, -0.9388439655303955]
Obs step 17: [0.38838669657707214, 0.3044056296348572, 0.31276682019233704, 0.3499999940395355, 0.3499999940395355, 0.029999999329447746, -0.03838670253753662, 0.045594364404678345, -0.28276681900024414, 0.1961820274591446, -0.6739954948425293, 1.5055829286575317, 0.3709229528903961, -1.320650339126587, -1.1938726902008057, 1.0]
Obs step 18: [0.3738960027694702, 0.2749287486076355, 0.2386796474456787, 0.3499999940395355, 0.3499999940395355, 0.029999999329447746, -0.023896008729934692, 0.07507124543190002, -0.20867964625358582, 0.12386202067136765, -0.7683118581771851, 1.600667953491211, 0.27254870533943176, -1.359314203262329, -1.2864841222763062, -0.8805594444274902]
Obs step 19: [0.34627166390419006, 0.26874566078186035, 0.19811326265335083, 0.3499999940395355, 0.3499999940395355, 0.029999999329447746, 0.003728330135345459, 0.08125433325767517, -0.16811326146125793, 0.10925192385911942, -0.8602132797241211, 1.657296895980835, 0.23109208047389984, -1.4252572059631348, -1.383397102355957, 0.9995138645172119]
Obs step 20: [0.3135514259338379, 0.25330764055252075, 0.14472532272338867, 0.3499999940395355, 0.3499999940395355, 0.029999999329447746, 0.03644856810569763, 0.09669235348701477, -0.11472532153129578, 0.08109059184789658, -0.9338304996490479, 1.7307298183441162, 0.1329287588596344, -1.3996243476867676, -1.4763121604919434, -0.4151111841201782]
Obs step 21: [0.27378079295158386, 0.2725710868835449, 0.08969990909099579, 0.3499999940395355, 0.3499999940395355, 0.029999999329447746, 0.07621920108795166, 0.0774289071559906, -0.05969990789890289, 0.1723608523607254, -1.0255471467971802, 1.760190725326538, 0.10967403650283813, -1.3042495250701904, -1.5694007873535156, 0.8766368627548218]
Obs step 22: [0.2588777244091034, 0.27851736545562744, 0.04754594713449478, 0.3499999940395355, 0.3499999940395355, 0.029999999329447746, 0.09112226963043213, 0.07148262858390808, -0.017545947805047035, 0.23331820964813232, -1.090342402458191, 1.6887370347976685, 0.02382037788629532, -1.2094192504882812, -1.6633955240249634, -0.5095586776733398]
Obs step 0: [0.0568544827401638, -0.009921624325215816, 1.0032596588134766, 0.3499999940395355, 0.3499999940395355, 0.029999999329447746, 0.2931455075740814, 0.3599216043949127, -0.973259687423706, 2.3968450477696024e-06, 0.0002234392159152776, 5.832322858623229e-05, 8.149272616719827e-05, -0.00031425300403498113, 0.00020719393796753138, 0.8984466791152954]
Obs step 1: [0.029576392844319344, 0.004405878018587828, 1.0033023357391357, 0.3499999940395355, 0.3499999940395355, 0.029999999329447746, 0.32042360305786133, 0.3455941081047058, -0.9733023643493652, -0.00827870238572359, 0.06061621010303497, 0.036917004734277725, -0.05338146537542343, -0.07546013593673706, -0.0469382144510746, -0.9533179998397827]
Obs step 2: [0.12263278663158417, 0.001465359702706337, 0.9926207661628723, 0.3499999940395355, 0.3499999940395355, 0.029999999329447746, 0.22736720740795135, 0.34853464365005493, -0.9626207947731018, -0.05939222127199173, -0.03714896738529205, 0.08006341010332108, 0.04224439337849617, -0.06961609423160553, -0.11490048468112946, 0.5199637413024902]
Obs step 3: [0.08999768644571304, 0.03203921020030975, 0.9916343688964844, 0.3499999940395355, 0.3499999940395355, 0.029999999329447746, 0.2600023150444031, 0.31796079874038696, -0.9616343975067139, 0.021812887862324715, 0.05085359141230583, 0.15874171257019043, 0.08403391391038895, -0.15126009285449982, -0.1870572417974472, -0.9903087615966797]
Obs step 4: [0.1934884786605835, 0.0234262365847826, 0.9694476127624512, 0.3499999940395355, 0.3499999940395355, 0.029999999329447746, 0.15651151537895203, 0.32657375931739807, -0.9394476413726807, 0.016384566202759743, -0.04387025162577629, 0.23336215317249298, 0.17969679832458496, -0.08690427243709564, -0.20041406154632568, 0.7300431728363037]
Obs step 5: [0.1504766345024109, 0.05398561805486679, 0.9714416265487671, 0.3499999940395355, 0.3499999940395355, 0.029999999329447746, 0.19952335953712463, 0.29601436853408813, -0.9414416551589966, 0.10768412053585052, 0.052014999091625214, 0.3157840669155121, 0.23772041499614716, -0.1497436910867691, -0.2857092320919037, -0.9878487586975098]
Obs step 6: [0.21850110590457916, 0.0814083069562912, 0.9433150887489319, 0.3499999940395355, 0.3499999940395355, 0.029999999329447746, 0.13149888813495636, 0.2685917019844055, -0.9133151173591614, 0.09789860248565674, -0.013351491652429104, 0.39319896697998047, 0.31093522906303406, -0.23560133576393127, -0.3457038700580597, 0.8914037942886353]
Obs step 7: [0.17338857054710388, 0.11386863887310028, 0.9386584758758545, 0.3499999940395355, 0.3499999940395355, 0.029999999329447746, 0.17661142349243164, 0.23613135516643524, -0.908658504486084, 0.19108979403972626, 0.08346906304359436, 0.49072790145874023, 0.29340630769729614, -0.32599329948425293, -0.412405401468277, -0.9924502372741699]
Obs step 8: [0.25634434819221497, 0.12696674466133118, 0.8980098962783813, 0.3499999940395355, 0.3499999940395355, 0.029999999329447746, 0.09365564584732056, 0.22303324937820435, -0.8680099248886108, 0.1079496368765831, -0.003066896228119731, 0.5729016065597534, 0.35653069615364075, -0.4146355390548706, -0.4985213875770569, 0.9845399856567383]
Obs step 9: [0.20163649320602417, 0.1617581695318222, 0.8930577635765076, 0.3499999940395355, 0.3499999940395355, 0.029999999329447746, 0.14836350083351135, 0.18824182450771332, -0.8630577921867371, 0.20509615540504456, 0.09012217074632645, 0.670595645904541, 0.38210076093673706, -0.5079053044319153, -0.5617640018463135, -0.9839192628860474]
Obs step 10: [0.2826522886753082, 0.18312525749206543, 0.8359864354133606, 0.3499999940395355, 0.3499999940395355, 0.029999999329447746, 0.0673477053642273, 0.1668747365474701, -0.8059864640235901, 0.1677653044462204, -0.0012058793799951673, 0.7549310326576233, 0.33698973059654236, -0.5960745811462402, -0.6494117975234985, 0.993647575378418]
Obs step 11: [0.26965656876564026, 0.22897854447364807, 0.8055886626243591, 0.3499999940395355, 0.3499999940395355, 0.029999999329447746, 0.08034342527389526, 0.12102144956588745, -0.7755886912345886, 0.2648630738258362, -0.004683967679738998, 0.853265643119812, 0.39461761713027954, -0.6923920512199402, -0.6717711687088013, -0.9569382667541504]
Obs step 12: [0.2933260202407837, 0.28066086769104004, 0.7432695031166077, 0.3499999940395355, 0.3499999940395355, 0.029999999329447746, 0.05667397379875183, 0.06933912634849548, -0.7132695317268372, 0.3431517779827118, -0.08710774034261703, 0.9515804648399353, 0.41358891129493713, -0.7889135479927063, -0.7668977379798889, 1.0]
Obs step 13: [0.29736268520355225, 0.33193501830101013, 0.6829704642295837, 0.3499999940395355, 0.3499999940395355, 0.029999999329447746, 0.052637308835983276, 0.01806497573852539, -0.6529704928398132, 0.43019160628318787, -0.17681525647640228, 1.0515531301498413, 0.48205798864364624, -0.8858078718185425, -0.7474310398101807, -0.6681292057037354]
Obs step 14: [0.33679506182670593, 0.3384559750556946, 0.6134291291236877, 0.3499999940395355, 0.3499999940395355, 0.029999999329447746, 0.01320493221282959, 0.011544018983840942, -0.5834291577339172, 0.3805558681488037, -0.26908791065216064, 1.1492424011230469, 0.49986788630485535, -0.9850995540618896, -0.8396909832954407, 1.0]
Obs step 15: [0.3443071246147156, 0.3614037036895752, 0.5482459664344788, 0.3499999940395355, 0.3499999940395355, 0.029999999329447746, 0.005692869424819946, -0.011403709650039673, -0.5182459950447083, 0.4056183397769928, -0.3661324381828308, 1.2488452196121216, 0.5491105318069458, -1.0766563415527344, -0.9199485182762146, -0.762509286403656]
Obs step 16: [0.3598402440547943, 0.35972192883491516, 0.4797661006450653, 0.3499999940395355, 0.3499999940395355, 0.029999999329447746, -0.009840250015258789, -0.009721934795379639, -0.4497660994529724, 0.37034663558006287, -0.4600248634815216, 1.3383268117904663, 0.542071521282196, -1.1742244958877563, -1.0059829950332642, 1.0]
Obs step 17: [0.39203906059265137, 0.3342606723308563, 0.388044536113739, 0.3499999940395355, 0.3499999940395355, 0.029999999329447746, -0.042039066553115845, 0.0157393217086792, -0.3580445349216461, 0.2847505211830139, -0.5580930709838867, 1.4366028308868408, 0.46886786818504333, -1.193758249282837, -1.096996545791626, -0.8744419813156128]
Obs step 18: [0.3962920010089874, 0.3125717043876648, 0.3336092531681061, 0.3499999940395355, 0.3499999940395355, 0.029999999329447746, -0.046292006969451904, 0.03742828965187073, -0.3036092519760132, 0.21962103247642517, -0.654894232749939, 1.4889062643051147, 0.4351716935634613, -1.2891952991485596, -1.1920123100280762, 1.0]
Obs step 19: [0.38990509510040283, 0.2823912799358368, 0.2516225576400757, 0.3499999940395355, 0.3499999940395355, 0.029999999329447746, -0.03990510106086731, 0.06760871410369873, -0.2216225564479828, 0.14482030272483826, -0.7525395154953003, 1.5829105377197266, 0.3373410105705261, -1.3107631206512451, -1.2850269079208374, -0.9146623611450195]
Obs step 20: [0.3676919937133789, 0.27005451917648315, 0.2103581726551056, 0.3499999940395355, 0.3499999940395355, 0.029999999329447746, -0.017691999673843384, 0.07994547486305237, -0.1803581714630127, 0.1111116036772728, -0.8434231281280518, 1.6474261283874512, 0.3067258596420288, -1.390628695487976, -1.3812777996063232, 0.9990441799163818]
Obs step 21: [0.3341020941734314, 0.2506870925426483, 0.1562911421060562, 0.3499999940395355, 0.3499999940395355, 0.029999999329447746, 0.015897899866104126, 0.09931290149688721, -0.12629114091396332, 0.06525357067584991, -0.9246132969856262, 1.7306078672409058, 0.20822963118553162, -1.400134563446045, -1.4750950336456299, -0.38439130783081055]
Obs step 22: [0.2790291905403137, 0.26711195707321167, 0.09484080970287323, 0.3499999940395355, 0.3499999940395355, 0.029999999329447746, 0.0709708034992218, 0.08288803696632385, -0.06484080851078033, 0.14864219725131989, -1.0143500566482544, 1.7893790006637573, 0.13950516283512115, -1.3112223148345947, -1.5700069665908813, 0.914659857749939]
Obs step 23: [0.2684614360332489, 0.27142199873924255, 0.0555117130279541, 0.3499999940395355, 0.3499999940395355, 0.029999999329447746, 0.08153855800628662, 0.07857799530029297, -0.025511713698506355, 0.19871841371059418, -1.0714706182479858, 1.7139992713928223, 0.050932954996824265, -1.2172718048095703, -1.6626332998275757, -0.39015769958496094]
Obs step 24: [0.24845397472381592, 0.29226434230804443, 0.009798683226108551, 0.3499999940395355, 0.3499999940395355, 0.029999999329447746, 0.1015460193157196, 0.05773565173149109, 0.020201316103339195, 0.29584550857543945, -1.1698275804519653, 1.7045546770095825, 0.13642415404319763, -1.1182464361190796, -1.7557592391967773, 0.8564242124557495]
Obs step 25: [0.23052702844142914, 0.297977089881897, -0.035295724868774414, 0.3499999940395355, 0.3499999940395355, 0.029999999329447746, 0.11947296559810638, 0.05202290415763855, 0.06529572606086731, 0.36693406105041504, -1.2573795318603516, 1.6347830295562744, 0.10299402475357056, -1.023267388343811, -1.8531787395477295, -0.4089425802230835]
